0 0.0773657890625 0.050895062271062275 0.0636802392578125 0.006393467399267399 0.01347313330078125 0.0010884805860805861 0.0076938994140625 0.007638262271062271 0 0.004215065201465202 0.0008511240234375 0.04933905787545788 0.00562032470703125 0.05307345714285714 0.00541296142578125 0.07174545347985348 0.04750640771484375 0.11344624908424908 0.07052301416015624 0.09446304322344323 0.06844943994140625 0.07205664835164835 0.0773657890625 0.050895062271062275
0 0.15407613671875 0.08979504468864469 0.13354781201171875 0.05182866227106227 0.12027698828125 0.05525185201465202 0.0918246220703125 0.055201528937728936 0.07237756396484375 0.06303186007326007 0.06346121435546875 0.07050065787545787 0.0692672119140625 0.08979504468864469 0.0692672119140625 0.11749184322344322 0.0877219619140625 0.1349190446886447 0.09974866357421874 0.1349190446886447 0.1246314814453125 0.1196702380952381 0.1517952177734375 0.11500223882783883 0.15407613671875 0.08979504468864469
0 0.20786855419921876 0.10193184175824176 0.21367455126953125 0.07174545347985348 0.20123314208984375 0.030355866666666665 0.16764133837890624 0.0051486652014652015 0.15058823876953126 0.024879561904761906 0.1547852216796875 0.08543825494505494 0.1798753837890625 0.11593583882783882 0.20786855419921876 0.10193184175824176
0 0.2745038125 0.02350945860805861 0.24293106494140626 0.0024879553113553114 0.226811732421875 0.008260666666666666 0.21789540185546874 0.02288706813186813 0.21208940478515625 0.05120625787545787 0.21851747216796874 0.06676625934065934 0.22224989501953124 0.09881984761904762 0.24153407861328124 0.11002304468864468 0.264343322265625 0.08948384908424908 0.2923364921875 0.05338465274725275 0.2745038125 0.02350945860805861
0 0.080942470703125 0.13357215164835165 0.05808347119140625 0.1448250556776557 0.04916712158203125 0.16505305641025642 0.05870554150390625 0.20613144761904761 0.08213685546875 0.25405623223443224 0.1059828955078125 0.24876584322344322 0.11883901171875 0.19990744395604398 0.1140698115234375 0.16100746153846154 0.10681231005859375 0.13113226813186812 0.0873207822265625 0.13113226813186812 0.080942470703125 0.13357215164835165
0 0.19762083447265624 0.2089322468864469 0.195547279296875 0.1812354476190476 0.1557347705078125 0.11152667252747253 0.14391543212890626 0.11463866666666665 0.1281563076171875 0.11619467106227106 0.12566802587890624 0.13984586153846154 0.11550753564453126 0.1666090608058608 0.1179958173828125 0.20706504688644692 0.141427150390625 0.23942984468864467 0.1743968837890625 0.2496994424908425 0.19762083447265624 0.2089322468864469
2 0.20339277978515624 0.11293230989010988 0.2056736982421875 0.15650029084249084 0.21790776318359376 0.18201869523809525 0.2405096435546875 0.1729938923076923 0.24092436962890626 0.15058749670329669 0.23200802001953125 0.12786990622710623 0.24299792529296876 0.1123099054945055 0.22578731591796875 0.09892831282051283 0.2137047158203125 0.09858526666666667 0.20339277978515624 0.11293230989010988
2 0.29418313623046877 0.17714642197802197 0.28396256640625 0.1337590336996337 0.2690697358398437 0.12601650183150184 0.2503587241210937 0.11460139487179487 0.24551375927734376 0.1138063641025641 0.244053677734375 0.12169497875457874 0.23840802685546875 0.12636971575091577 0.2341251240234375 0.13221313186813186 0.237045287109375 0.13951740732600731 0.243080287109375 0.16055371355311357 0.2557343291015625 0.16858841098901098 0.2881481357421875 0.19463100146520146 0.29418313623046877 0.17714642197802197
0 0.3258471401367187 0.1217007641025641 0.3160159287109375 0.11512691868131869 0.31428631201171875 0.12051395091575091 0.3038485864257813 0.13324151355311353 0.3038485864257813 0.14814223003663005 0.302485837890625 0.16961679267399268 0.3186440751953125 0.1922600476190476 0.33285553076171875 0.18554011208791207 0.33752779150390627 0.15573867838827837 0.33937723095703126 0.1430292432234432 0.3360677099609375 0.12243119340659342 0.3248737587890625 0.11658777069597069 0.3258471401367187 0.1217007641025641
2 0.3485853603515625 0.13847060293040292 0.34219282568359377 0.14148507765567764 0.3394673466796875 0.14937369230769232 0.33693653271484375 0.15828490256410255 0.336449841796875 0.17230910695970697 0.337325890625 0.19290716336996339 0.3475464604492188 0.19655929084249082 0.3543601767578125 0.18983936849816851 0.361465900390625 0.16880305567765566 0.3485853603515625 0.13847060293040292
0 0.3540744013671875 0.2675843172161172 0.3547557666015625 0.23778287692307692 0.347455359375 0.21163357728937732 0.33265987109375 0.19775546300366303 0.31501607861328124 0.20285176923076925 0.3092985688476563 0.21367877582417583 0.300538080078125 0.22010653846153846 0.30297155224609373 0.23822113333333333 0.30667042236328124 0.25385227985347986 0.3202005126953125 0.2531218564102564 0.3209792197265625 0.2669999706959707 0.33149180615234375 0.2836537128205128 0.34472988037109376 0.28160852087912086 0.3540744013671875 0.2675843172161172
2 0.30552319140625 0.0016691326007326009 0.2902599755859375 0.0006203978021978022 0.27444506494140625 0 0.2692905791015625 0.00448831282051282 0.26975916748046874 0.022597185347985348 0.278076640625 0.03771721611721612 0.29248578125 0.05477119853479854 0.3030290546875 0.04861769597069598 0.32083546875 0.025234399267399267 0.30552319140625 0.0016691326007326009
2 0.306894921875 0.04316745641025641 0.29951463037109377 0.055650272527472525 0.3019747275390625 0.06690238388278388 0.3086521342773437 0.07885775824175824 0.32317842578125 0.0938019772893773 0.33430743310546873 0.0851870717948718 0.33255022119140626 0.06215539853479853 0.31799472119140626 0.037511573626373626 0.306894921875 0.04316745641025641
0 0.34293777978515627 0.014846501098901099 0.33822284423828125 0.026640916483516484 0.33365409228515625 0.040354430036630036 0.33529416455078126 0.06162795604395604 0.35415490576171876 0.08729684322344322 0.37055555029296877 0.07815449523809524 0.37055555029296877 0.05828748717948718 0.36610394921875 0.036838142124542124 0.35509208203125 0.007652969963369963 0.34293777978515627 0.014846501098901099
0 0.29041683203125 0.09364716117216117 0.2921878359375 0.12400929890109891 0.30343399462890625 0.13719536996336998 0.31362582568359376 0.12752558754578755 0.3142115703125 0.11521859047619049 0.32311477197265626 0.12066883003663004 0.33108080810546875 0.10765857069597069 0.3186631708984375 0.09376924542124541 0.30683127880859373 0.08409946227106227 0.2962880048828125 0.08251713406593406 0.29041683203125 0.09364716117216117
0 0.2886361215820312 0.08673667692307692 0.28523884814453127 0.07460549157509157 0.268721052734375 0.07847340293040293 0.259583548828125 0.09341761391941393 0.253704865234375 0.10998709743589744 0.276218484375 0.12014138754578756 0.2840673696289063 0.10572461904761905 0.2886361215820312 0.08673667692307692
2 0.33991456884765625 0.11011997362637362 0.3487006303710937 0.13543723809523808 0.36310977099609376 0.13508559853479854 0.3733016020507812 0.1160976564102564 0.367795673828125 0.09623064761904762 0.35259882373046875 0.09338361391941391 0.34635768408203127 0.10273577362637362 0.33991456884765625 0.11011997362637362
2 0.386333884765625 0.06483330915750916 0.3766681860351562 0.07638456117216118 0.36753947119140623 0.08457789670329671 0.369508404296875 0.10297930842490842 0.37997957763671875 0.11506782930402931 0.3916142172851563 0.1082176673992674 0.402174890625 0.08847308278388279 0.393908458984375 0.06711412454212455 0.386333884765625 0.06483330915750916
2 0.36369108837890624 0.135618315018315 0.37040337890625 0.1486470586080586 0.37577321142578124 0.15643744322344325 0.39394114208984377 0.14851273772893772 0.3941201416015625 0.1353496857142857 0.397342041015625 0.12205231208791209 0.3886608095703125 0.11493351428571427 0.3797110859375 0.11359034725274726 0.374718505859375 0.11302018534798534 0.36369108837890624 0.135618315018315
2 0.41988788818359374 0.08954761978021979 0.40914822314453125 0.07960816703296704 0.4042258740234375 0.09129373772893773 0.39491816748046876 0.09559188058608058 0.39241224267578123 0.11547078021978022 0.39814006689453124 0.12339547912087913 0.4052103408203125 0.11788848424908424 0.408432240234375 0.1142619282051282 0.4137125810546875 0.10620291355311356 0.421677837890625 0.09720368351648352 0.41988788818359374 0.08954761978021979
0 0.4002695712890625 0.0007956600732600733 0.39331084716796877 0.0010535230769230769 0.390733544921875 0 0.3683969267578125 0.00002206007326007326 0.3660773544921875 0.0007956600732600733 0.36459449169921876 0.0031567824175824178 0.36650690234375 0.010700191941391941 0.36118047998046876 0.018565128205128206 0.36100865478515626 0.024109263736263736 0.3660773544921875 0.028621933333333332 0.3677955537109375 0.03919446666666667 0.37595700830078127 0.06446540366300367 0.39288129931640625 0.0665283413919414 0.4116097021484375 0.051701000732600734 0.40765782763671876 0.018565128205128206 0.4002695712890625 0.0007956600732600733
2 0.4476217734375 0.09198413113553114 0.45234682275390625 0.07328879047619047 0.45208909228515626 0.053175186080586086 0.44564583642578126 0.03847678315018315 0.43376911572265625 0.034080364835164835 0.43172840380859373 0.03422198168498169 0.423652861328125 0.043118383882783884 0.41995872509765625 0.059235049816849815 0.41901371728515624 0.07934865421245421 0.4264878940429688 0.09559425787545787 0.44083487451171877 0.09507853186813187 0.445559931640625 0.1013962586080586 0.4474499482421875 0.0998490586080586 0.4476217734375 0.09198413113553114
2 0.41691659716796875 0.1507458315018315 0.424304869140625 0.14223623003663005 0.430146751953125 0.1415915553113553 0.4341845229492188 0.12276728864468864 0.4257824736328125 0.10481806007326007 0.42542169482421877 0.10420088424908425 0.41915026416015627 0.10458768424908425 0.4127070083007813 0.10652168498168497 0.4084114990234375 0.11219474871794873 0.40394418017578126 0.11619168717948718 0.39870366259765627 0.1256038205128205 0.4012809653320312 0.14752249377289375 0.41055925390625 0.15732143296703296 0.41691659716796875 0.1507458315018315
2 0.448775037109375 0.09196165934065934 0.442933146484375 0.09943979194139195 0.43717717626953123 0.11027019413919413 0.4404417568359375 0.13141527326007324 0.45135233935546876 0.13876447472527473 0.4655275024414062 0.12948127326007328 0.46982300390625 0.1056285934065934 0.45850194189453125 0.09032263076923076 0.448775037109375 0.09196165934065934
2 0.5046919663085937 0.11856329157509159 0.49173667724609377 0.10017952307692307 0.4880254052734375 0.10064155677655677 0.4797780380859375 0.09819182197802198 0.47024201904296875 0.10657248937728939 0.4698983837890625 0.12230236117216117 0.4636269453125 0.12990943150183148 0.4636269453125 0.16085343809523808 0.4818398798828125 0.17684117875457875 0.50039645703125 0.15788797435897436 0.5046919663085937 0.11856329157509159
2 0.4547024462890625 0.043576922344322346 0.4565065576171875 0.07013719706959706 0.47119718115234377 0.08522240586080587 0.48726236083984376 0.09141120732600733 0.494306998046875 0.05337586227106227 0.49001148876953127 0.03713025860805861 0.48047547021484377 0.025139455677655676 0.47171264208984376 0.02423691868131868 0.46372300439453124 0.029136388278388277 0.457795208984375 0.03416478901098901 0.4547024462890625 0.043576922344322346
2 0.46939306982421874 0.02613160293040293 0.48545824951171873 0.0221346652014652 0.49069877490234376 0.009499199267399267 0.49937568212890626 0 0.4471423564453125 0.0006027978021978022 0.4369190595703125 0.003955060805860806 0.43673190185546873 0.003929871794871795 0.453413794921875 0.027034134798534802 0.46939306982421874 0.02613160293040293
0 0.5323838125 0.14660179633699635 0.5368496767578125 0.15460737948717948 0.552356146484375 0.15255943003663003 0.5593030541992188 0.12630858315018315 0.565133484375 0.11290389523809524 0.5596752094726563 0.0857221728937729 0.5504953696289062 0.06989718901098901 0.5504953696289062 0.055933972161172164 0.5329746728515625 0.0489320271062271 0.528290103515625 0.04290164029304029 0.5188621640625 0.04736986886446886 0.51166716796875 0.05928514432234432 0.5050924155273437 0.07268983223443223 0.5009987065429687 0.10433979194139194 0.5107988017578124 0.12221271721611722 0.5171254428710937 0.14734650695970697 0.5245685502929688 0.15702765934065935 0.5323838125 0.14660179633699635
2 0.5873387504882812 0.08777475531135531 0.5880830610351563 0.06301332087912087 0.580267798828125 0.024474843956043955 0.5605038442382813 0.023535746520146523 0.547518126953125 0.03376901172161172 0.5481383935546875 0.04829076043956044 0.5497510590820313 0.05517927765567766 0.5496270146484376 0.06504662051282051 0.5517358916015624 0.0756586652014652 0.561039775390625 0.09148364029304029 0.569227193359375 0.11717596703296704 0.5816323759765625 0.12184500293040294 0.5873387504882812 0.08777475531135531
0 0.5885910395507813 0.1253999487179487 0.5802486826171875 0.11622410109890109 0.571689109375 0.11566557216117217 0.5641219580078125 0.12218174285714285 0.5592839384765625 0.13819290036630036 0.5656105795898437 0.17747608864468864 0.5780157504882812 0.17989636776556775 0.5907930883789062 0.17189080146520147 0.5978640400390625 0.1540178761904762 0.5885910395507813 0.1253999487179487
0 0.632033404296875 0.16180831062271062 0.64816012890625 0.12126191868131868 0.653246259765625 0.07955845128205127 0.6245902973632812 0.06708463882783883 0.61007623828125 0.08346815164835165 0.601640708984375 0.08346815164835165 0.5995655063476563 0.08828230842490843 0.5941976020507812 0.1384063619047619 0.632033404296875 0.16180831062271062
0 0.6244662416992187 0.062004427838827834 0.6278156396484375 0.04636562490842491 0.6211424243164062 0.006511866666666666 0.613673736328125 0.0020556798534798536 0.6047420073242188 0.0033589142857142857 0.6011445092773438 0.012109195604395604 0.5920887250976562 0.019556249816849818 0.5845215625 0.035939753846153846 0.5843975180664063 0.05288178754578755 0.5996558881835937 0.05325414212454212 0.6072230395507813 0.07485058681318682 0.6244662416992187 0.062004427838827834
0 0.634390380859375 0 0.6306688271484375 0.023652123809523806 0.6502690170898437 0.05008914358974358 0.6600691005859375 0.028120353113553112 0.6578361684570313 0.005406851282051282 0.6546108374023437 0 0.634390380859375 0
0 0.72448729296875 0.08380171355311355 0.7188522944335938 0.07836509304029304 0.708186064453125 0.06416946886446886 0.6969160668945312 0.07443863589743589 0.69590982421875 0.08440577289377289 0.694453609375 0.08074089157509157 0.678602353515625 0.06839795604395604 0.665118615234375 0.08349966959706959 0.6550561342773438 0.12246211501831501 0.6464023896484375 0.1789425684981685 0.6568673818359375 0.2058236263736264 0.6804136010742188 0.21609280732600733 0.714223556640625 0.1662571216117216 0.7299210356445313 0.13091908937728938 0.7252922797851562 0.10585022417582418 0.72448729296875 0.08380171355311355
0 0.7162360415039063 0.03280692087912088 0.7004888374023438 0.01916652893772894 0.6882623408203125 0.012570616117216118 0.6765898500976563 0.0331089641025641 0.672162349609375 0.055761548717948715 0.6743761088867187 0.07237343956043955 0.68584734375 0.07599785274725275 0.694702326171875 0.08143447326007326 0.7041610576171875 0.06572868571428571 0.7174435400390625 0.08052836996336997 0.7162360415039063 0.03280692087912088
2 0.7350789599609375 0.028541658608058608 0.7309441635742188 0.019197342124542122 0.727819310546875 0.016499556043956042 0.7176940205078125 0.013919105494505495 0.7134910615234376 0.02108702564102564 0.7110075009765625 0.02968852820512821 0.71396867578125 0.041157192673992676 0.7161656708984375 0.06108401098901099 0.7237118852539063 0.062087523809523815 0.7321177856445312 0.05104892014652015 0.7350789599609375 0.028541658608058608
2 0.7249534458007812 0.060176736263736263 0.7205594555664062 0.07350906813186812 0.7259086655273438 0.08182385128205127 0.7348877045898438 0.08641132087912087 0.7423383940429688 0.07293563003663003 0.7382488310546875 0.06002751062271062 0.7315444404296875 0.05544590989010989 0.7249534458007812 0.060176736263736263
2 0.81789530078125 0.105075936996337 0.8086027763671875 0.09666721098901097 0.8045031313476563 0.09953848571428572 0.79876362890625 0.09195012893772894 0.78181842578125 0.10158939047619048 0.7708860439453125 0.10938284322344323 0.77061273828125 0.13337846593406594 0.7710227026367188 0.14835009084249084 0.7898810688476563 0.1497857326007326 0.8027266147460937 0.15593845641025642 0.808329470703125 0.16209118021978022 0.8166654072265624 0.14609409816849817 0.8209017109375 0.12927664688644688 0.8202184409179688 0.1140999347985348 0.81789530078125 0.105075936996337
0 0.7577459658203125 0.21607071575091577 0.782763365234375 0.23069902197802197 0.8110297890625 0.1924216131868132 0.8056689155273438 0.1651154446886447 0.7908859106445313 0.15194996923076923 0.7806515161132812 0.1526813846153846 0.7678179052734375 0.1526813846153846 0.7613198715820313 0.15438801684981684 0.7656679125976562 0.1704291084249084 0.7577459658203125 0.21607071575091577
0 0.7270427817382813 0.1356150307692308 0.7158336826171875 0.1619459824175824 0.7094981049804687 0.1897397641025641 0.7184328842773438 0.20656231648351647 0.732078744140625 0.2058309010989011 0.7609949750976562 0.1724295978021978 0.765706041015625 0.14902430842490844 0.7417966118164062 0.11743649743589743 0.7270427817382813 0.1356150307692308
0 0.7235699072265624 0.10931111428571427 0.7263315791015625 0.12369560805860806 0.7308801889648437 0.12808409963369966 0.7417643916015625 0.11906331428571429 0.7437138002929687 0.1022407619047619 0.7386300107421875 0.08929559413919413 0.7247070668945312 0.09102573113553114 0.7235699072265624 0.10931111428571427
0 0.7638491567382812 0.017930651282051284 0.7538294223632812 0.03604902271062271 0.7498070678710937 0.060195931135531136 0.75192998046875 0.09423637509157509 0.758075248046875 0.0967516783882784 0.7823211015625 0.07327550695970696 0.796064146484375 0.04124732087912088 0.794835107421875 0.020454145054945055 0.7836618862304687 0.007709945787545788 0.7750585200195312 0.007877630036630036 0.7638491567382812 0.017930651282051284
0 0.7346115126953126 0 0.7309243540039062 0.015255854212454213 0.7340528452148437 0.02766468498168498 0.7403098481445313 0.03873201831501832 0.7541646186523437 0.02598781098901099 0.756957923828125 0.012629508424908426 0.7565109921875 0 0.7346115126953126 0
0 0.757785671875 0.13780440732600732 0.7665007739257812 0.11248368571428571 0.7848248305664063 0.10443471648351649 0.7854952231445312 0.09018133553113553 0.7752158754882813 0.08045550036630036 0.7597968491210938 0.09906874212454213 0.7619197622070313 0.10778845641025642 0.7532944345703125 0.1255145633699634 0.757785671875 0.13780440732600732
0 0.81660751953125 0.1058894446886447 0.8249874350585937 0.09918196556776557 0.8375014208984375 0.06396772380952381 0.831467888671875 0.03764088864468865 0.8124343862304687 0.030750230036630036 0.80543430859375 0.03629939120879121 0.7959370888671875 0.045019113553113554 0.7896800859375 0.06027861538461538 0.7902387534179688 0.08828232454212455 0.7909091455078125 0.09666666227106227 0.7981717270507812 0.09582823296703298 0.801523689453125 0.10069114725274726 0.8062164365234376 0.09599592527472527 0.81660751953125 0.1058894446886447
0 0.8554909516601562 0.00008378754578754579 0.8155290390625 0.0000972901098901099 0.8141882543945312 0.0012710996336996337 0.8128474692382812 0.020890466666666666 0.8169815493164062 0.035143847619047625 0.8243558662109375 0.02608875677655678 0.8368698618164062 0.02491495164835165 0.8422330014648437 0.032796228571428575 0.8520654272460938 0.02608875677655678 0.8554909516601562 0.00008378754578754579
0 0.8239089448242187 0.03296392087912088 0.82580838671875 0.04654655677655678 0.830612869140625 0.06365061684981685 0.8459414409179687 0.03879388717948718 0.8374285190429688 0.02457957509157509 0.8269257109375 0.023741138461538462 0.8239089448242187 0.03296392087912088
2 0.8745076137695312 0.04125728205128205 0.87495453515625 0.018284178754578755 0.8686975424804687 0.012247452014652015 0.8592003125 0.005036915750915751 0.8541506694335937 0.007624716483516484 0.8503734853515625 0.035891299633699636 0.8581947241210938 0.0486354989010989 0.8745076137695312 0.04125728205128205
2 0.8776361049804687 0.0000063098901098901104 0.8684740815429688 0.004366167032967033 0.8691444741210937 0.01459507032967033 0.8761835947265625 0.021134858608058606 0.8755132021484375 0.036897421245421246 0.8825523232421875 0.0414249663003663 0.89730095703125 0.011744391208791208 0.8843070185546875 0.0015919736263736264 0.8776361049804687 0.0000063098901098901104
0 0.8570841962890625 0.08323644468864469 0.8692629858398437 0.08273338388278388 0.8773076953125 0.05154362344322344 0.8692629858398437 0.04215316043956044 0.8596540307617188 0.047183766300366296 0.8542908911132813 0.04215316043956044 0.85230778125 0.05337301538461539 0.8453523286132812 0.07300754065934066 0.8570841962890625 0.08323644468864469
0 0.8256874765625 0.10855715897435897 0.8371958837890625 0.14678977142857144 0.8701568491210937 0.1322010139194139 0.8703803100585937 0.09380071721611723 0.863117728515625 0.0773674021978022 0.8552964799804688 0.07787046227106227 0.8437880727539062 0.07619359633699634 0.8378662763671875 0.0748520989010989 0.8335438305664062 0.08403945714285714 0.8256874765625 0.10855715897435897
0 0.872176572265625 0.1604052783882784 0.8773162412109375 0.15654847838827837 0.8755285346679688 0.13525224908424907 0.85865698828125 0.14011516263736262 0.8303606606445313 0.16900058388278388 0.8330703393554687 0.1753294043956044 0.8237965810546874 0.1900858534798535 0.82714854296875 0.19779945421245423 0.8361988413085938 0.18572599267399267 0.8408915883789062 0.17633552527472526 0.8506122788085938 0.16711275091575092 0.8567575463867187 0.15554235677655678 0.866701697265625 0.15671616263736263 0.872176572265625 0.1604052783882784
0 0.857087966796875 0.2308158315018315 0.8704958159179688 0.228803589010989 0.8835684682617188 0.2190777457875458 0.89317743359375 0.19409240879120881 0.8846420893554687 0.16120829084249083 0.87675280859375 0.16156115457875458 0.8682611674804688 0.15585979926739926 0.8574231630859375 0.15485367838827838 0.8474790014648438 0.1702808688644689 0.8386521743164063 0.18285738315018316 0.8387638999023438 0.19342165567765568 0.8406633520507812 0.2143825164835165 0.8455795595703125 0.230480463003663 0.857087966796875 0.2308158315018315
0 0.8389429970703125 0.22970544468864468 0.8290203784179687 0.21801661831501834 0.8293340419921875 0.21696124542124542 0.824864755859375 0.21981191721611723 0.8077697485351563 0.2193088564102564 0.8079932192382813 0.22534558315018316 0.8048647177734375 0.2578768454212454 0.8075462875976562 0.2756516424908425 0.8206189404296875 0.28235912234432237 0.8332446611328125 0.2764900871794872 0.8389429970703125 0.22970544468864468
0 0.8098926611328126 0.19331739780219778 0.8035239331054688 0.20555853626373627 0.8025183442382813 0.2141105663003663 0.8068758950195313 0.22065035384615383 0.813915015625 0.21964423296703295 0.829222306640625 0.21914117216117215 0.8315686801757812 0.19868337216117218 0.816120162109375 0.18332834725274724 0.8098926611328126 0.19331739780219778
0 0.8059316362304687 0.2572037684981685 0.8061551069335937 0.2313799860805861 0.7933059150390624 0.222157210989011 0.7857081372070313 0.22618169597069598 0.7809377543945313 0.23334983882783883 0.7870489223632813 0.2716248336996337 0.7995629077148437 0.2674326725274725 0.8059316362304687 0.2572037684981685
0 0.7466773198242187 0.2366436945054945 0.7351689125976563 0.2612936637362637 0.7376270219726563 0.30002932893772893 0.7675712109375 0.2926511120879121 0.783548904296875 0.27957153699633697 0.7875712592773437 0.26397665860805863 0.78332543359375 0.2487171487179487 0.7781857646484375 0.23932668937728938 0.7711466440429687 0.22758860439560438 0.7539399013671875 0.23077465934065933 0.7466773198242187 0.2366436945054945
0 0.8633302553710938 0.2722886131868132 0.875732515625 0.27111480073260075 0.89696161328125 0.2712824923076923 0.9053415190429688 0.2469678923076923 0.8948617412109375 0.2147488827838828 0.8883582368164062 0.21644888791208794 0.8728274853515625 0.22701316043956046 0.8564028701171875 0.2372420564102564 0.8490285532226562 0.264910389010989 0.830704486328125 0.27782227985347985 0.81997820703125 0.2833559465201465 0.8198664770507812 0.287045063003663 0.8391961274414063 0.28385900732600733 0.8633302553710938 0.2722886131868132
0 0.924668525390625 0.31509790476190475 0.9378529135742187 0.2904479355311355 0.9399758159179687 0.26261191868131867 0.9228401318359375 0.24365577435897434 0.9167355512695312 0.239806504029304 0.912154529296875 0.24718472454212453 0.9065679291992188 0.2458432315018315 0.9007578579101563 0.25691056776556775 0.8951712578125 0.2741823128205128 0.9029925063476563 0.29111868864468865 0.9127131967773437 0.29732309963369963 0.9166238159179687 0.31761320732600734 0.924668525390625 0.31509790476190475
0 0.8913723637695312 0.32968666153846155 0.8919310307617188 0.34310162124542126 0.9108137446289063 0.337400263003663 0.9153947666015625 0.31375641465201465 0.9123780004882812 0.30268908205128203 0.9022103784179687 0.29464011208791213 0.8946942055664062 0.2964422732600733 0.8782997109375 0.308893493040293 0.8913723637695312 0.32968666153846155
2 0.8405803120117188 0.295939545054945 0.8412690112304687 0.30805505641025643 0.8487550634765625 0.3204638945054945 0.8658500712890626 0.3085581172161172 0.8782523315429688 0.3085581172161172 0.8919953764648437 0.298664597069597 0.8962411918945312 0.2844112087912088 0.8865205014648437 0.2731761912087912 0.8610455883789062 0.2723377545787546 0.8405803120117188 0.295939545054945
2 0.8423938759765625 0.31263673113553114 0.8352430200195312 0.3045877611721612 0.8218351708984375 0.31045680439560436 0.8213882495117187 0.334100652014652 0.8296564194335937 0.35908598974358974 0.8441815927734375 0.35673837875457876 0.8554665288085938 0.3387958813186813 0.8541506694335937 0.3193164227106227 0.8423938759765625 0.31263673113553114
2 0.8725795493164062 0.3067482087912088 0.8656292495117187 0.30644626446886447 0.8552381665039063 0.31533366373626376 0.8559085590820312 0.3371329611721612 0.8628359443359375 0.3433373802197802 0.87870190234375 0.34501423809523807 0.8846236987304688 0.3419958747252747 0.886970072265625 0.3294193597069597 0.8851823559570312 0.31818434285714287 0.8725795493164062 0.3067482087912088
0 0.6305066875 0.15971510842490844 0.61734498046875 0.15105625201465203 0.608905962890625 0.16603206813186813 0.6023803120117187 0.1851504827838828 0.6140996293945312 0.2103152717948718 0.6409639350585937 0.1867740175824176 0.6305066875 0.15971510842490844
0 0.454046751953125 0.16296217802197802 0.44021098388671875 0.14250635164835165 0.441966845703125 0.14510329523809523 0.4324110791015625 0.13833857142857145 0.4190690859375 0.14347976043956043 0.41293897314453126 0.16350336043956043 0.42213413427734375 0.19245638974358972 0.4396229755859375 0.2254682673992674 0.4565709252929688 0.21653882637362637 0.4625207353515625 0.18866815018315017 0.454046751953125 0.16296217802197802
0 0.38043785546875 0.19225472234432237 0.371230720703125 0.25954368131868133 0.4066470439453125 0.2835350490842491 0.4196516181640625 0.3063551098901099 0.46186641552734375 0.2736263304029304 0.44666109375 0.22918721904761905 0.42645399267578127 0.20006158241758243 0.4134494365234375 0.18114493772893775 0.40324585693359377 0.168533841025641 0.3854396162109375 0.17063569963369965 0.38043785546875 0.19225472234432237
2 0.3662102651367187 0.24414020952380955 0.3757623588867188 0.21577705201465203 0.37401627099609375 0.19835836996336997 0.36135470654296875 0.19186412747252748 0.34577083642578127 0.20159546959706962 0.352241609375 0.23165425347985347 0.3662102651367187 0.24414020952380955
2 0.19783116162109374 0.3417934622710623 0.2159831396484375 0.3540055545787546 0.24681022314453124 0.3441419296703297 0.23929905810546875 0.3082101531135531 0.21312761279296874 0.27470839926739926 0.1918848271484375 0.27721018901098904 0.184373662109375 0.3082101531135531 0.19783116162109374 0.3417934622710623
2 0.2257979521484375 0.2521778512820513 0.21973872216796875 0.2767404996336996 0.24743614404296874 0.31525559999999997 0.27873267578125 0.3112631875457876 0.3023615400390625 0.31290712087912087 0.29625871826171873 0.2938844161172161 0.26543164892578125 0.26429354065934063 0.2519741494140625 0.24973294798534798 0.23945553076171874 0.2462102249084249 0.22474617529296875 0.24996779853479856 0.2257979521484375 0.2521778512820513
0 0.36266173681640623 0.41489449157509156 0.36031449755859374 0.366515767032967 0.328235572265625 0.33152337948717947 0.29360772998046875 0.33103476923076924 0.2858287802734375 0.3244779333333333 0.27331017626953125 0.329174895970696 0.2606350849609375 0.34631881684981686 0.2606350849609375 0.3834248380952381 0.2720583056640625 0.41019753479853477 0.2906797456054688 0.4181823706959707 0.3067974453125 0.4517656681318681 0.3473264599609375 0.4578717150183151 0.36266173681640623 0.41489449157509156
0 0.221831623046875 0.398760715018315 0.21662559619140626 0.4715796783882784 0.2368250166015625 0.49501926227106224 0.2824299228515625 0.4997071787545787 0.31366615966796874 0.4656416695970696 0.3057529858398437 0.4340763443223444 0.28159696923828126 0.41376204835164837 0.2586903828125 0.39126004835164835 0.2452166005859375 0.3866540234432234 0.221831623046875 0.398760715018315
3 0.4837840771484375 0.840104756043956 0.47000217138671874 0.8803019721611722 0.44088792724609377 0.9115862131868131 0.4395097275390625 0.9286503406593407 0.44192156982421876 0.9689837326007326 0.4377870009765625 1 0.49670460400390626 1 0.49894415185546875 0.9935863604395605 0.491880935546875 0.9796248014652015 0.5008391728515625 0.9793662703296704 0.5153101630859375 0.9485991157509157 0.5368443852539062 0.8974067340659341 0.5071558032226563 0.8488967619047618 0.4982550673828125 0.8385534717948718 0.4837840771484375 0.840104756043956
3 0.38966468701171875 0.9964068483516484 0.3931101713867188 1 0.4306658310546875 1 0.4306658310546875 0.968225175091575 0.43342221533203124 0.9297016117216117 0.4322162944335938 0.9191011648351649 0.42842626806640627 0.9085007296703297 0.4265619428710937 0.9151703941391941 0.42084623046875 0.9377165765567765 0.40327431396484376 0.9586589142857144 0.38966468701171875 0.9964068483516484
3 0.42722036279296877 0.9185840776556776 0.43462812109375 0.8839387245421245 0.42291351513671877 0.8867827501831502 0.411543451171875 0.9074665326007325 0.40034566650390624 0.935648205128205 0.3991397451171875 0.9498683069597069 0.41464437744140625 0.9524537772893773 0.42722036279296877 0.9185840776556776
3 0.3727851640625 0.8900332703296704 0.369511958984375 0.9192491282051282 0.375541548828125 0.9590654212454212 0.3979371181640625 0.9347619714285714 0.40965173974609376 0.8817597619047619 0.4158535927734375 0.8631443501831502 0.404483529296875 0.8561635706959707 0.3970757548828125 0.8478900505494505 0.3901397177734375 0.8647869311355311 0.3727851640625 0.8900332703296704
3 0.4110631240234375 0.7934749523809523 0.3931035830078125 0.8229973062271063 0.3944817670898437 0.8475593113553114 0.419978279296875 0.8630721663003663 0.4416847646484375 0.8496276945054945 0.44134020654296874 0.8204118358974358 0.4306592431640625 0.7855079391941392 0.43806701708984375 0.7658583421245422 0.4318651640625 0.7661168857142856 0.41928917919921876 0.7873177670329671 0.4110631240234375 0.7934749523809523
3 0.3732975283203125 0.7652296278388279 0.37777663916015625 0.793669843956044 0.3912139873046875 0.8024604512820512 0.412231388671875 0.7745373340659341 0.4099918251953125 0.7616099728937729 0.39913858251953127 0.7298086446886447 0.38828533984375 0.7357552263736263 0.38759623974609375 0.7450629318681319 0.3816153671875 0.7473547054945056 0.3732975283203125 0.7652296278388279
3 0.47406058740234375 0.793537750915751 0.47457740869140624 0.7426039245421245 0.4673419135742187 0.7250226981684982 0.45493820751953123 0.7413111831501832 0.4425773896484375 0.7601443538461539 0.42754668994140627 0.7870740703296703 0.43822765380859374 0.8183582996336997 0.47406058740234375 0.793537750915751
3 0.39421802783203125 0.695482756043956 0.4009367021484375 0.7104785120879121 0.4409042041015625 0.6833310366300366 0.4412487465820312 0.6706622073260072 0.46795116357421873 0.6432561882783883 0.45847612109375 0.6272262468864469 0.43642507763671873 0.6502369677655677 0.4140295078125 0.6378266937728937 0.40925492822265624 0.6465877787545787 0.39421802783203125 0.695482756043956
0 0.9973411889648437 0.041617830036630034 0.984920337890625 0.052047986813186814 0.9767876328125 0.07379599120879121 0.9790056420898438 0.09243713406593407 0.9960103837890625 0.11573857362637362 1 0.10819334212454212 1 0.04317125567765568 0.9973411889648437 0.041617830036630034
0 0.8808357495117187 0.13466358901098902 0.8780262666015625 0.14953211648351647 0.9049381069335938 0.13888003516483516 0.9325892924804687 0.14087730036630036 0.9405741254882812 0.12023889157509159 0.9435314663085937 0.09338677216117217 0.9225343217773437 0.07718672893772895 0.8924878725585937 0.09425305714285716 0.8808357495117187 0.13466358901098902
0 0.9412327919921875 0.15362113186813187 0.944929478515625 0.17559105054945054 0.9469996157226562 0.2028870205128205 0.9674053002929688 0.17581296556776557 0.9728763940429688 0.15539648205128204 0.9565643041992188 0.14049249816849815 0.9412327919921875 0.1427471347985348 0.9412327919921875 0.15362113186813187
2 0.8865093920898437 0.03472781831501832 0.8906442368164063 0.047138906227106224 0.9027135043945312 0.041436515018315016 0.9167943159179688 0.03187661831501831 0.9140005009765625 0.01577573992673993 0.9062520380859375 0.010391620512820512 0.8961201118164063 0.018123787545787546 0.8865093920898437 0.03472781831501832
2 0.9103126689453125 0.03757901025641026 0.8970141279296875 0.043952276923076926 0.884721359375 0.05686652527472527 0.886174134765625 0.0684390315018315 0.8877386762695313 0.08001153772893774 0.9125477255859376 0.07766349816849817 0.9212644184570312 0.054518478388278384 0.9176465170898438 0.040058020512820515 0.9103126689453125 0.03757901025641026
2 0.9669108803710937 0.021453668131868133 0.9607982724609375 0.0322984 0.9566634272460938 0.02609285567765568 0.9489525063476563 0.04286460146520147 0.9607982724609375 0.05057961098901099 0.9701854799804688 0.0651710315018315 0.9787904169921875 0.05846232747252748 0.9895186547851562 0.04621895384615385 0.9892951533203125 0.03280155238095238 0.9669108803710937 0.021453668131868133
2 0.9483924907226563 0.08669798388278388 0.965267107421875 0.11957060805860804 0.977112873046875 0.09910908058608059 0.975548341796875 0.07395145860805862 0.9661611337890625 0.05936003736263736 0.9577796982421874 0.04946470329670329 0.9442576455078125 0.047284378754578756 0.9307355927734375 0.07009395384615384 0.9362463276367188 0.08606608278388278 0.9483924907226563 0.08669798388278388
2 0.918434970703125 0.19464273772893773 0.9087653232421875 0.2085665597069597 0.9087653232421875 0.2311192446886447 0.9274512680664062 0.24053253626373625 0.954630833984375 0.21444986739926739 0.9456378081054687 0.1932370827838828 0.9309793842773437 0.19307385274725275 0.918434970703125 0.19464273772893773
2 0.9291794389648438 0.14737757216117217 0.9201357553710937 0.1807472534798535 0.9379070112304687 0.19467108424908425 0.9450939067382812 0.16290122344322344 0.9381683491210937 0.13760300073260073 0.9291794389648438 0.14737757216117217
2 0.9166397290039062 0.13855843516483515 0.9060232905273438 0.1379952153846154 0.8958309545898437 0.1438785230769231 0.8806731259765626 0.15289960073260073 0.8903427739257812 0.1770211619047619 0.900796447265625 0.18957221465201465 0.9138635483398437 0.1842772380952381 0.9240558842773438 0.16898063809523808 0.9275840004882813 0.15035016117216118 0.9166397290039062 0.13855843516483515
2 0.9474533715820312 0.2240578117216117 0.9352449204101563 0.22803133553113553 0.9300967866210937 0.2463536901098901 0.9355391088867188 0.2662213106227106 0.9534840434570313 0.2615855318681319 0.9673104765625 0.25430073846153844 0.9723115161132813 0.23553687765567766 0.9592531884765625 0.21586261391941391 0.9474533715820312 0.2240578117216117
2 0.9656491899414062 0.26152798021978024 0.9537782182617187 0.2607025304029304 0.9456882958984375 0.2620270380952381 0.939951798828125 0.27438911648351644 0.9392163413085938 0.28079089816849817 0.9345094765625 0.2999962644688645 0.9455412016601562 0.3112545831501832 0.9568671015625 0.29845101904761906 0.965398306640625 0.2801286446886447 0.9656491899414062 0.26152798021978024
0 0.99643423046875 0.2871926908424909 1 0.2777003868131868 0.9990818442382813 0.2050731934065934 0.9837845102539062 0.19911290695970693 0.9731479501953125 0.1979935575091575 0.9711348032226562 0.2476781978021978 0.9730469736328125 0.2847644227106227 0.99643423046875 0.2871926908424909
0 0.687420345703125 0.26794667326007326 0.6846256376953125 0.29620284835164834 0.7083070693359375 0.3123176923076923 0.7266932866210938 0.30039712014652015 0.7352244780273437 0.27677672380952384 0.718851751953125 0.2476298249084249 0.6969811694335938 0.25183182417582417 0.687420345703125 0.26794667326007326
2 0.7320848583984375 0.337967832967033 0.7231631342773438 0.3415368688644689 0.7137493916015625 0.35169142710622714 0.70507110546875 0.3653780131868132 0.7040414736328126 0.3923096695970696 0.7125726787109375 0.40776227032967033 0.7319885146484375 0.41570931794871796 0.7464032973632813 0.40533401172161176 0.7502276240234375 0.3636119992673993 0.7320848583984375 0.337967832967033
2 0.71713244921875 0.33469357069597067 0.7168382744140624 0.3148259501831502 0.69503216015625 0.30884788864468865 0.6952160932617187 0.30908641758241756 0.6878616147460938 0.30224312454212454 0.6833018305664063 0.3077619091575092 0.6759473515625 0.3168127128205128 0.6908034033203125 0.332927567032967 0.694039380859375 0.34440663296703294 0.6963928061523438 0.3689100315018315 0.7088954326171875 0.3596384754578755 0.71713244921875 0.33469357069597067
2 0.6767653525390624 0.3267465230769231 0.6738235639648438 0.31924098095238096 0.6602913188476562 0.3181372205128205 0.6633802021484375 0.3324860608058608 0.653966458984375 0.31902023296703297 0.6530839208984375 0.3276295347985348 0.6456285625 0.3260551282051282 0.6374924116210937 0.37994760146520146 0.6507304819335937 0.40091897216117217 0.689120884765625 0.4176960798534799 0.7005938784179687 0.3883361457875458 0.7017706049804687 0.3673647750915751 0.6942690317382813 0.3514706791208791 0.6925039560546875 0.3324860608058608 0.686179095703125 0.332927567032967 0.6832373071289063 0.3225522505494505 0.6767653525390624 0.3267465230769231
2 0.7477173427734375 0.36779578095238097 0.7441871909179687 0.38258612747252746 0.7433046528320313 0.3898709216117216 0.7421279399414062 0.4022329897435898 0.7512474951171875 0.4185686014652015 0.761985044921875 0.4095177831501831 0.7681628110351563 0.3907539230769231 0.7614182451171875 0.365102326007326 0.7477173427734375 0.36779578095238097
0 0.7724458334960937 0.4197022205128206 0.7657288002929687 0.4152157963369963 0.7570505009765625 0.41477429084249084 0.747195501953125 0.42316284468864473 0.7492547529296875 0.44634173479853484 0.7577859580078125 0.47349414945054946 0.7772017939453125 0.4929202637362637 0.7869097119140624 0.4856354695970696 0.7897044067382812 0.44391346739926735 0.7724458334960937 0.4197022205128206
0 0.8143956171875 0.5409011150183151 0.8316051079101563 0.5353823450549451 0.8382241430664062 0.5097751765567765 0.8271426743164062 0.47033121391941396 0.8107183842773438 0.4720266981684982 0.7964506826171875 0.4729097106227106 0.7861544013671875 0.4978546043956044 0.7643851396484375 0.4947640923076923 0.7595311806640626 0.5046979025641026 0.7673269287109376 0.5071261604395605 0.7801237294921874 0.526552284981685 0.7924792612304687 0.5466406637362637 0.8143956171875 0.5409011150183151
0 0.8147917749023438 0.4236731216117216 0.806452775390625 0.4270183406593407 0.7927734360351563 0.4298881142857143 0.7886549345703125 0.43915967106227105 0.78527186328125 0.4510802432234432 0.787772396484375 0.4753628835164835 0.8052760625 0.47690814945054943 0.8154252495117188 0.4685195948717949 0.825868611328125 0.4521839926739926 0.8147917749023438 0.4236731216117216
0 0.8218111586914062 0.4195202293040293 0.825929673828125 0.45682720146520145 0.8474047607421875 0.45881396410256414 0.857553947265625 0.45395743736263733 0.8609370053710937 0.4230522468864469 0.8474334375 0.41242223443223447 0.83622594140625 0.4064958967032967 0.8218111586914062 0.4195202293040293
0 0.8563772348632812 0.4011978652014652 0.847846029296875 0.41069017875457875 0.8528470825195312 0.4177542153846154 0.8566714096679687 0.4252597670329671 0.8557888715820312 0.4398293553113553 0.8682914975585937 0.4420368652014652 0.87932322265625 0.4223899934065934 0.8666214423828125 0.40845133333333333 0.8563772348632812 0.4011978652014652
2 0.6950102661132812 0.5105086886446887 0.6864306411132812 0.49680389010989007 0.6750060673828125 0.4890958073260073 0.6625034545898437 0.48181101318681324 0.64323469921875 0.49461459267399266 0.629261185546875 0.5171312293040293 0.6408812739257812 0.5553212139194139 0.6544135185546875 0.563047504029304 0.6735351796875 0.5732020717948718 0.6882441372070313 0.5670210278388278 0.6950102661132812 0.5105086886446887
0 0.6775066005859375 0.6396064446886447 0.6910388452148437 0.60362396996337 0.6819192905273438 0.5718357772893773 0.6597087465820313 0.5638887289377289 0.637468146484375 0.5709273831501831 0.6351447768554688 0.5954979501831502 0.6399987358398438 0.6266238886446887 0.6775066005859375 0.6396064446886447
2 0.6541195092773437 0.45991728644688645 0.6644157768554687 0.4678643347985348 0.687655953125 0.4486589684981685 0.6911861049804687 0.4226103142857143 0.6798601918945313 0.4075992197802198 0.6629448891601563 0.40097667985347984 0.6537889780273437 0.40646588278388274 0.6449999409179688 0.4296743501831502 0.6541195092773437 0.45991728644688645
2 0.6332776625976563 0.3687423186813187 0.6333934326171875 0.37110224249084245 0.6288336484375 0.3649212087912088 0.620302443359375 0.36447970256410256 0.6011807958984375 0.3801530512820513 0.6011807958984375 0.4099544813186813 0.6089765434570312 0.42783534945054946 0.6258918598632812 0.41569401978021975 0.6367764907226563 0.3949433868131868 0.6332776625976563 0.3687423186813187
2 0.5897078017578125 0.317700095970696 0.5979448188476563 0.34132048205128207 0.6067701987304688 0.3697974043956044 0.6226558828125 0.3649408783882784 0.6358939526367188 0.3185830974358974 0.6185006938476563 0.28932429010989014 0.5991215317382812 0.2901061750915751 0.5897078017578125 0.317700095970696
2 0.6044940356445313 0.4289028197802198 0.6003755205078125 0.4467836783882784 0.6043469418945312 0.4816623824175824 0.6271458354492188 0.49888098681318677 0.6456791333007813 0.4710663186813187 0.6381298017578125 0.41870949523809525 0.6205268002929688 0.42161802564102563 0.6044940356445313 0.4289028197802198
0 0.8155840146484375 0.3167338 0.793810296875 0.29327897582417584 0.7813279736328125 0.28796797435897437 0.7715405336914063 0.3032689523809524 0.7546164243164063 0.30816525934065936 0.7462563256835938 0.3445815816849817 0.7609374858398438 0.3623307062271062 0.7743952163085938 0.38864838608058605 0.8041653403320312 0.3852821809523809 0.818438697265625 0.34794778681318683 0.8155840146484375 0.3167338
0 0.7862216938476563 0.3834460498168498 0.7743952163085938 0.38987247326007324 0.7684819584960938 0.4073155831501831 0.769705388671875 0.4171081970695971 0.7833670302734375 0.4351633362637363 0.8025341069335937 0.4293489853479854 0.8074278266601562 0.41037575897435896 0.8013106767578125 0.3923206197802198 0.7862216938476563 0.3834460498168498
0 0.958563470703125 0.30954350695970695 0.9646963842773437 0.317181073992674 0.9753963720703125 0.329910356043956 0.9821817319335937 0.31953109523809525 0.9811378232421875 0.3036684549450549 0.9672028544921875 0.28396912893772897 0.9571281108398437 0.2958350549450549 0.958563470703125 0.30954350695970695
0 0.9391278657226563 0.3737634542124542 0.9446083452148437 0.3857093992673993 0.9750119545898438 0.3708259282051282 0.9804924340820312 0.3396881531135531 0.9712278178710938 0.3244130175824176 0.9624851440429687 0.310117052014652 0.94943637890625 0.3128587457875458 0.936909568359375 0.313250419047619 0.9337453315429688 0.31978329157509156 0.9391278657226563 0.3737634542124542
0 0.9253320361328125 0.3338741098901099 0.9086022778320313 0.3420381736263736 0.8951620498046875 0.3557466256410256 0.8933352275390625 0.3882552432234432 0.9012949633789062 0.401767863003663 0.9217815224609375 0.40764291501831507 0.9314376015625 0.39275946153846153 0.9400497836914062 0.37689681245421247 0.9373095439453125 0.35731330915750914 0.927262001953125 0.34360484835164834 0.9253320361328125 0.3338741098901099
0 0.8840936420898438 0.344169863003663 0.8579961240234375 0.3429948527472527 0.8398294775390625 0.3685140380952381 0.8388144453125 0.3796160153846154 0.803582791015625 0.3827493736263736 0.7987547451171875 0.3913661194139194 0.8435119995117187 0.3890160989010989 0.853690033203125 0.40566207619047623 0.8690875751953125 0.40096203516483514 0.8889216875 0.3874494153846154 0.89427167578125 0.36336170256410255 0.8840936420898438 0.344169863003663
0 0.9180885869140625 0.4133078095238095 0.895589111328125 0.4102988608058608 0.8795498764648437 0.4096302 0.8704164301757813 0.4347047758241758 0.8635671025390625 0.4567242835164835 0.8860101171875 0.4925434688644688 0.9047225576171875 0.5410209765567766 0.953063056640625 0.5323284673992674 0.9869236362304687 0.4908718256410256 1 0.4413913347985348 0.9748942099609375 0.4039466322344322 0.9425929868164062 0.39592276776556773 0.9361327260742187 0.3955884380952381 0.9252171489257812 0.3955884380952381 0.9180885869140625 0.4133078095238095
0 0.8366745322265625 0.5157198952380952 0.85325714453125 0.5134886417582418 0.8612625346679688 0.4872284761904762 0.8444242299804687 0.474000452014652 0.8278685991210938 0.4805347084249085 0.8301558515625 0.4988996637362637 0.8366745322265625 0.5157198952380952
0 0.8579460166015624 0.45942359487179485 0.8558874858398438 0.47555728864468866 0.8577172944335938 0.48448231794871793 0.8612625346679688 0.48997463443223443 0.8600045473632812 0.49958620073260074 0.864144419921875 0.5007578505494505 0.871097744140625 0.5306521457875458 0.887909078125 0.5431815113553113 0.8931697607421875 0.5356295655677655 0.8977442875976562 0.5227569355311356 0.89374158203125 0.50336216996337 0.887909078125 0.4788183604395604 0.8757866162109375 0.4858553926739927 0.8691535688476563 0.4752140197802198 0.8640072421875 0.45719233772893775 0.8579460166015624 0.45942359487179485
0 0.9063744858398437 0.5713072271062272 0.8907238056640625 0.5452677538461539 0.8872758984375 0.5402412820512821 0.8753821689453125 0.5392114717948717 0.8725230952148437 0.5563749758241758 0.86406025 0.5637552893772894 0.859828822265625 0.5730235831501831 0.8735523603515625 0.5797173501831502 0.8831588369140625 0.5943063362637363 0.8957387436523437 0.5949928666666666 0.9063744858398437 0.5713072271062272
0 0.8063704404296875 0.5432538996336996 0.823753595703125 0.5429106344322344 0.8326738955078125 0.5525221926739927 0.8343893374023438 0.5703722505494506 0.842537951171875 0.5805154805860806 0.8574906196289063 0.5736333062271062 0.8635518559570312 0.5616188542124542 0.8757886743164063 0.5528654659340659 0.87361577734375 0.5291798263736264 0.8638949448242188 0.5243740468864468 0.849942673828125 0.5351870564102564 0.8359904135742188 0.5360452263736264 0.8231817744140625 0.5369034043956044 0.8067135288085937 0.5353586886446886 0.8063704404296875 0.5432538996336996
0 0.8684694501953125 0.5216278805860806 0.86561038671875 0.5085836183150183 0.8584855825195312 0.5046170908424908 0.8506288505859375 0.5133893970695971 0.842966548828125 0.5154490183150183 0.8371340454101562 0.5190533545787546 0.8326738955078125 0.5223144263736264 0.8310728090820313 0.5322692578754579 0.8452538017578125 0.5363884989010989 0.8516581162109375 0.5307245421245421 0.86663965234375 0.5291798263736264 0.8684694501953125 0.5216278805860806
0 0.8333752509765625 0.5741434534798535 0.8333752509765625 0.5538905179487179 0.825484216796875 0.5437640468864469 0.811188857421875 0.5429058761904761 0.8018972124023438 0.5488697113553114 0.7999813046875 0.5535472454212454 0.770704419921875 0.5200784073260073 0.7665873583984375 0.5166457113553113 0.7654437373046875 0.5209365853479854 0.76635863671875 0.5279736256410256 0.7955211547851563 0.5593828432234432 0.8056994423828125 0.5818670315018315 0.8147341083984375 0.5985156388278388 0.8333752509765625 0.5741434534798535
0 0.7051721401367187 0.4807488813186813 0.7174185053710938 0.5159264168498169 0.7438864560546875 0.5297602857142857 0.7603466328125 0.49991866007326 0.7573179536132812 0.46335774212454217 0.74270132421875 0.44201406666666665 0.7338786821289063 0.43430662417582416 0.723344166015625 0.44142118681318687 0.7122606171875 0.43883651282051284 0.7051721401367187 0.4807488813186813
2 0.7030877602539063 0.44596659340659345 0.6944903002929688 0.42935669597069603 0.68926121875 0.4279825743589744 0.6849157338867188 0.4469547296703297 0.67780494140625 0.4586147032967033 0.6666120229492187 0.46533400512820516 0.6658219345703125 0.48035362490842487 0.6801752055664062 0.4872705597069597 0.6905780239257813 0.48549192014652015 0.7009808544921875 0.47066992380952377 0.7030877602539063 0.44596659340659345
0 0.7087065537109375 0.5048989853479853 0.7004402021484375 0.5044143787545787 0.69833330859375 0.5107384285714286 0.6912225161132812 0.5332678681318681 0.6903007426757812 0.5506590073260074 0.702810466796875 0.5629118608058608 0.7130816118164063 0.557971189010989 0.72809328515625 0.5376156505494506 0.72901505859375 0.527536693040293 0.7087065537109375 0.5048989853479853
0 0.7741705083007813 0.5412613758241758 0.7584634404296875 0.53156096996337 0.7362462802734375 0.5309847860805861 0.7239999150390625 0.5473877985347986 0.716362392578125 0.5663599538461538 0.7183376127929687 0.5813795736263736 0.7333492866210938 0.5967944498168498 0.74875600390625 0.6033161282051283 0.7624508603515625 0.5920514109890109 0.7749605961914062 0.5647789377289377 0.7741705083007813 0.5412613758241758
0 0.79694515625 0.6483546490842491 0.7977352446289062 0.6361018051282051 0.812615232421875 0.6246394549450549 0.8090598364257813 0.6048767963369963 0.811035056640625 0.5849165047619047 0.8001055087890625 0.5756280593406593 0.7953649799804687 0.564956221978022 0.7862789672851562 0.5671301091575092 0.7868056967773438 0.5552725113553113 0.7831186147460938 0.5529009919413919 0.770740564453125 0.5708850205128205 0.7624446391601563 0.5898571758241759 0.7596793310546875 0.5995408776556777 0.7501982739257812 0.6125842344322344 0.7538853559570312 0.6333350293040293 0.76033774609375 0.636497052014652 0.7675802119140624 0.6529000732600733 0.7823285268554687 0.6465760095238094 0.79694515625 0.6483546490842491
0 0.6986367075195312 0.6035483274725275 0.6891810766601563 0.6368790036630037 0.7051145239257812 0.6762066981684982 0.7290805249023438 0.689250054945055 0.74817432421875 0.6793687296703297 0.75186140625 0.6534796395604396 0.7539682998046875 0.6366813802197802 0.7423803491210937 0.6017014681318681 0.7221014174804687 0.593203517948718 0.7056412534179688 0.5924130146520147 0.6986367075195312 0.6035483274725275
0 0.7614630278320312 0.6383359633699633 0.7530354296875 0.6260831098901098 0.748558259765625 0.6292451421245421 0.7542205620117187 0.6414979860805861 0.7511918828125 0.6594820146520146 0.7510602094726563 0.6792446732600733 0.7615947133789063 0.672920619047619 0.7709026625976563 0.6527248761904763 0.7614630278320312 0.6383359633699633
0 0.855533583984375 0.5936013516483517 0.8459585654296875 0.6096347853479853 0.8440515458984374 0.6215599619047619 0.850249359375 0.6275225611721612 0.8594666254882812 0.6530424468864469 0.877901142578125 0.6799933765567766 0.9131810043945312 0.6609130681318681 0.9055529262695312 0.6048647084249084 0.8758352001953125 0.5843533882783883 0.855533583984375 0.5936013516483517
0 0.7978678720703125 0.6457991824175824 0.8217352290039063 0.6531189633699633 0.8312703266601562 0.67863886007326 0.8563794267578125 0.6614665956043956 0.857174013671875 0.6366622095238095 0.8441427084960937 0.6159123897435897 0.8299989853515625 0.606372241025641 0.8123590546875 0.6132888454212454 0.8150606606445312 0.624737021978022 0.7986920859375 0.6318921326007326 0.7978678720703125 0.6457991824175824
0 0.9246141840820312 0.6826934153846154 0.9355795463867187 0.6702912278388279 0.9176217836914062 0.6526419523809524 0.89532769140625 0.6783334461538462 0.886791625 0.681977904029304 0.87344248828125 0.6860324703296703 0.8710587138671875 0.6908025472527473 0.895373212890625 0.7136989003663003 0.9193698803710938 0.7263395875457875 0.941300619140625 0.7282476315018315 0.9481340961914062 0.721331010989011 0.9511535341796875 0.7027277238095239 0.9246141840820312 0.6826934153846154
2 0.8653494526367187 0.6650441509157509 0.853271671875 0.6640901289377289 0.8365852509765624 0.6729147721611722 0.8343603852539062 0.683885936996337 0.843100896484375 0.7089288344322344 0.859946240234375 0.721331010989011 0.8739310405273437 0.7084518124542125 0.875520228515625 0.682454915018315 0.8643959428710938 0.6762538161172161 0.8653494526367187 0.6650441509157509
2 0.7651798046875 0.755746389010989 0.8057039697265626 0.7464447457875457 0.805545046875 0.7221173706959707 0.7926726650390625 0.6892038637362637 0.7678814111328125 0.6710775824175824 0.7496058168945312 0.6830027648351649 0.733713982421875 0.6787096981684981 0.7305356215820312 0.6875343413919414 0.7402021596679688 0.6940642989010989 0.7651798046875 0.755746389010989
0 0.8132383833007812 0.6558497091575092 0.7842854521484375 0.6651052293040294 0.7805012045898437 0.6699214300366301 0.764927216796875 0.6663438747252748 0.764927216796875 0.6703984410256411 0.793532509765625 0.6897172380952381 0.8040211171875 0.7192917018315018 0.8184826870117188 0.7364639663003664 0.8334209965820313 0.6992573816849816 0.8345334296875 0.6773150402930403 0.8132383833007812 0.6558497091575092
0 0.8350007109375 0.6988743604395604 0.8334115229492187 0.7129460813186813 0.8219694057617187 0.7251097684981685 0.814659173828125 0.7394199890109889 0.8380201630859375 0.7594542981684982 0.8543421435546875 0.7205207333333333 0.839450427734375 0.6964893274725275 0.8350007109375 0.6988743604395604
0 0.8914167099609375 0.7852953391941392 0.8581547529296875 0.7316038344322344 0.8431055439453125 0.7361635897435898 0.8429466206054688 0.7635915084249083 0.8114807983398438 0.7378331120879121 0.807031095703125 0.742603189010989 0.8310277485351563 0.769792608058608 0.8448536401367187 0.7903039164835165 0.8609043974609375 0.8220249128205128 0.8772729721679687 0.8258409787545788 0.8914167099609375 0.7852953391941392
0 0.798582736328125 0.7655681765567766 0.7886947124023438 0.7578683648351647 0.7581823999023437 0.749282232967033 0.7540505141601562 0.7640694644688645 0.7972763002929687 0.7903048615384615 0.8058578881835937 0.8260804124542124 0.8338275029296875 0.8599479413919414 0.8587776801757813 0.8236953904761904 0.8311258969726563 0.7655004864468864 0.798582736328125 0.7655681765567766
0 0.5523972797851563 0.32051536263736263 0.5456043120117188 0.3243020190476191 0.5339592133789063 0.3243020190476191 0.523090443359375 0.3650814512820513 0.5129980366210938 0.3985788336996337 0.5452161298828125 0.4215900776556777 0.5632660327148438 0.4029480586080586 0.5667595620117187 0.3723634879120879 0.5657891430664063 0.35750812454212455 0.5589961748046876 0.35721684761904765 0.55763757421875 0.33216662344322345 0.5523972797851563 0.32051536263736263
0 0.60480022265625 0.37003323003663 0.6001421831054687 0.3426527619047619 0.5859739741210938 0.3493522432234432 0.5827156499023437 0.325001284981685 0.5731643662109375 0.3260497091575092 0.5605488486328125 0.3283799663003663 0.5582198291015625 0.3490609531135531 0.5681181625976562 0.3554691575091575 0.5652068881835938 0.3811019362637363 0.5648187241210938 0.4076085597069597 0.5787928422851563 0.4215900776556777 0.589855685546875 0.4084824051282051 0.60480022265625 0.37003323003663
0 0.6036955249023438 0.47809023956043956 0.5981047104492188 0.47461118827838833 0.587604884765625 0.48504836117216116 0.5693324448242187 0.49057392380952386 0.5652416020507812 0.5192249824175824 0.5786050302734375 0.5378481802197802 0.6020591879882813 0.5327319128205129 0.6087618125 0.48848499926739924 0.6036955249023438 0.47809023956043956
2 0.601650103515625 0.45047904175824177 0.59301797265625 0.4292777956043956 0.5852867319335937 0.4441348805860806 0.5795595517578125 0.438609317948718 0.5704233442382812 0.44577208717948713 0.57015061328125 0.4703301421245421 0.5768323276367188 0.48854402710622713 0.5821504233398438 0.48526962271062274 0.5944229521484375 0.4830184644688645 0.6027410034179688 0.47176269230769236 0.601650103515625 0.45047904175824177
2 0.506688712890625 0.43358626080586077 0.499188830078125 0.45978152307692305 0.5080523310546875 0.5011209128205129 0.5343700786132812 0.5052139252747253 0.540369990234375 0.4923209465201465 0.5429608491210938 0.4657163897435897 0.5425517646484375 0.43440486446886445 0.5315064887695312 0.4282653501831502 0.5224773901367188 0.42375587985347984 0.506688712890625 0.43358626080586077
0 0.5714603959960938 0.43686066959706954 0.5570320522460938 0.4255965186813187 0.5496425629882813 0.42417234285714284 0.54105179296875 0.42949325347985345 0.5415972426757812 0.4503676051282052 0.5452790014648438 0.46653498827838824 0.5422790458984375 0.4865907362637363 0.5555061088867187 0.49702790989010986 0.5673695532226563 0.49477675164835166 0.569414974609375 0.4689907934065934 0.5714603959960938 0.43686066959706954
2 0.545377521484375 0.5001423765567765 0.5402409868164062 0.4948509172161172 0.5327411040039063 0.5044694827838828 0.5230594462890625 0.49751136996337 0.508059693359375 0.4991485765567766 0.5009688950195312 0.5212508263736264 0.5128323393554688 0.5468321282051282 0.526741205078125 0.5492879333333333 0.550195375 0.5302554402930403 0.545377521484375 0.5001423765567765
2 0.48427496875 0.4541591025641026 0.47445694580078124 0.45374980805860804 0.4640934853515625 0.4648009326007326 0.45986627685546877 0.48608457435897434 0.468866130859375 0.502251967032967 0.47391150830078127 0.5266053655677656 0.49750203125 0.5130984351648352 0.5017292397460937 0.47810320659340655 0.48427496875 0.4541591025641026
0 0.4639693896484375 0.5423476600732601 0.47078745703125 0.5159477413919414 0.46751478271484376 0.5005989567765567 0.46287850244140627 0.4899571362637362 0.45619678857421875 0.4819757677655678 0.4500605239257813 0.4844315736263736 0.4427358627929687 0.5013694688644689 0.44596968115234376 0.5229058542124542 0.4639693896484375 0.5423476600732601
0 0.39919770654296877 0.46348468205128207 0.4196519208984375 0.5099403399267399 0.4478787368164063 0.5105542908424908 0.45878765966796875 0.47678696483516486 0.46942385107421875 0.4399498820512821 0.45783312548828126 0.41191276630036633 0.44478051708984373 0.4096443179487179 0.420606455078125 0.416005778021978 0.39919770654296877 0.46348468205128207
0 0.5407841357421875 0.5313370527472527 0.534784224609375 0.5503695501831503 0.5335569716796875 0.5786113142857143 0.5459658662109375 0.6322297413919414 0.5608292661132812 0.6322297413919414 0.5796471430664063 0.6046019194139194 0.5819652958984375 0.5593741648351649 0.5568275869140625 0.5317400036630037 0.5407841357421875 0.5313370527472527
0 0.5126936728515625 0.6479878205128206 0.5351933090820312 0.6156530446886447 0.5350569555664062 0.5736997032967033 0.5113300668945312 0.5538486021978022 0.497123673828125 0.562724084981685 0.490194037109375 0.5966205516483517 0.4952394140625 0.6352994981684982 0.5126936728515625 0.6479878205128206
0 0.5201223881835938 0.6407954695970697 0.5100316342773438 0.6475489347985348 0.5010317797851562 0.6719023428571429 0.5082589438476562 0.7007580578754579 0.5223041630859375 0.7097626717948718 0.5388038999023438 0.701576665934066 0.5486219228515625 0.6747674432234432 0.533722990234375 0.6268396586080586 0.5201223881835938 0.6407954695970697
0 0.5917911796875 0.6099671391941391 0.5820226469726563 0.6107061787545788 0.5697501181640625 0.6172549963369963 0.566068359375 0.6350595868131869 0.5747954951171875 0.6602315934065934 0.5851589682617188 0.6874501106227107 0.6026132392578125 0.688882652014652 0.6199311328125 0.6596176417582417 0.6073858725585938 0.6244177567765568 0.5917911796875 0.6099671391941391
0 0.5690955141601562 0.6381902622710623 0.5619775166015625 0.6248270608058608 0.5557048994140625 0.6340363311355312 0.54738684765625 0.6299433186813187 0.5427505551757813 0.6168456923076923 0.5355234033203125 0.6305572703296703 0.5400233305664063 0.6479525655677656 0.542068751953125 0.6645292534798535 0.5599320952148438 0.6778315267399267 0.5690955141601562 0.6381902622710623
0 0.48987637841796877 0.5341211128205129 0.47637659716796876 0.5347350644688644 0.459740494140625 0.5416931772893773 0.46792218017578124 0.554586156043956 0.4602859443359375 0.57853026007326 0.46110411279296876 0.6002232058608058 0.4889218442382812 0.5963348593406593 0.49344329541015625 0.5406364234432234 0.48987637841796877 0.5341211128205129
2 0.4376551572265625 0.5879441780219781 0.45306400732421875 0.5852837252747253 0.467518310546875 0.5656372805860805 0.46138204638671876 0.5398513230769231 0.445973208984375 0.5214327816849817 0.4316552587890625 0.5165211699633699 0.414928560546875 0.5289790461538462 0.412291931640625 0.5707535391941392 0.4376551572265625 0.5879441780219781
2 0.4358824672851562 0.6176185010989012 0.461245693359375 0.5916278864468865 0.45060950146484374 0.5832372234432235 0.4346552143554688 0.5854883721611722 0.42688261279296874 0.5779163084249085 0.41665550537109375 0.578734906959707 0.4184281958007813 0.5879441780219781 0.42224631982421873 0.6100464278388279 0.4358824672851562 0.6176185010989012
0 0.40756780419921873 0.5200826271062271 0.3900196142578125 0.5130421091575091 0.377610732421875 0.5181583772893773 0.36506547265625 0.540465273992674 0.36479275390625 0.5631814754578754 0.3707926528320313 0.5879441780219781 0.3822470126953125 0.5951069472527473 0.40201942431640625 0.5789395641025641 0.411837447265625 0.5441489824175825 0.40756780419921873 0.5200826271062271
0 0.3618016943359375 0.600311958974359 0.36916521142578124 0.5835306241758242 0.36780160546875 0.5638841802197803 0.3615289755859375 0.5520144468864469 0.35113533837890626 0.5565886234432235 0.3451656040039062 0.5720701956043955 0.3473473911132812 0.590898041025641 0.3618016943359375 0.600311958974359
2 0.3016828686523437 0.6132049377289377 0.31886440869140625 0.6365350996336996 0.34913664599609373 0.6418560058608059 0.3581365004882813 0.6082933267399268 0.3476366748046875 0.5847585274725274 0.34463671875 0.559177216117216 0.3325005556640625 0.5538563010989012 0.3138190439453125 0.5624516205128205 0.3063574038085938 0.5780627384615384 0.3016828686523437 0.6132049377289377
0 0.26766675439453125 0.5671585846153846 0.28048473291015624 0.5845538703296703 0.30312072216796876 0.5804608673992674 0.31402964453125 0.5628609245421246 0.33039301611328126 0.5456702857142857 0.3282112294921875 0.5121076073260074 0.3117114921875 0.5180726256410256 0.2957572045898437 0.5168447230769231 0.28386620361328124 0.5256045421245421 0.26766675439453125 0.5671585846153846
2 0.398187603515625 0.664349427106227 0.39549638232421874 0.6392653457875458 0.3816153740234375 0.6405408073260074 0.37283350048828123 0.6313999904761904 0.36303644873046875 0.6361416527472528 0.36136041845703126 0.677741778021978 0.3858646635742187 0.7030384432234432 0.398187603515625 0.664349427106227
0 0.4014453876953125 0.636714421978022 0.405694677734375 0.6279987619047619 0.3987541669921875 0.600151172893773 0.38798930859375 0.5933487106227106 0.372806150390625 0.5928045684981684 0.369150787109375 0.6316125736263736 0.3850148056640625 0.6435168791208791 0.4014453876953125 0.636714421978022
0 0.39733774560546875 0.5865462483516484 0.3956380297851563 0.6020643655677655 0.399179095703125 0.6148189853479854 0.40399496142578123 0.6267232996336997 0.4095190380859375 0.6299119545787546 0.42170033056640627 0.619920832967033 0.42000061474609374 0.5946241728937729 0.40784964599609375 0.5877060886446887 0.39733774560546875 0.5865462483516484
2 0.47974114404296875 0.639236717948718 0.4702510595703125 0.6502907238095238 0.4662850517578125 0.668572347985348 0.46642669921875 0.6970576586080586 0.48101593115234376 0.7140638205128206 0.5018374501953125 0.7095997040293041 0.5067949501953125 0.6843030388278388 0.492591189453125 0.6437893728937729 0.47974114404296875 0.639236717948718
2 0.5056653159179687 0.7859956637362637 0.5203961821289063 0.8072533692307693 0.5398012666015625 0.7702649728937728 0.5446171455078125 0.7473066578754578 0.5400845615234375 0.7241357589743589 0.525070400390625 0.70500383003663 0.514891595703125 0.7189919597069597 0.49688344189453126 0.7464563428571429 0.5056653159179687 0.7859956637362637
2 0.58126742578125 0.7746101597069597 0.5789698471679687 0.783301246886447 0.5668203920898438 0.8393950241758242 0.5579432958984375 0.8537626454212455 0.5758715380859375 0.8712650183150183 0.6045915551757812 0.8720487062271062 0.616601744140625 0.8474931413919414 0.6078987138671875 0.8237212652014653 0.6016325283203126 0.8028229267399266 0.6084208959960937 0.7871491677655676 0.5931035483398438 0.7704304827838828 0.58126742578125 0.7746101597069597
0 0.6197348369140625 0.7863654798534798 0.6132946010742187 0.7842756410256411 0.6091171440429688 0.7905451450549451 0.60476562109375 0.8106598065934065 0.6115539887695313 0.8294683179487179 0.62147544921875 0.8370439604395604 0.626349154296875 0.8284233926739927 0.6209897475585937 0.7962235633699635 0.6197348369140625 0.7863654798534798
0 0.6632500190429688 0.819019136996337 0.68117827734375 0.7975983362637363 0.68117827734375 0.7701692571428572 0.6677755922851563 0.7333359230769231 0.652806376953125 0.7218418285714285 0.6352262504882813 0.7312460842490842 0.6327344404296875 0.7468838080586081 0.630526611328125 0.8130108703296703 0.6632500190429688 0.819019136996337
0 0.6030250087890625 0.7212231567765568 0.5877076772460937 0.7418602688644689 0.5816155415039063 0.762758619047619 0.6059840512695313 0.786008032967033 0.6225198134765625 0.7645872205128206 0.6249046455078126 0.7045925897435897 0.6119021049804687 0.7026758703296703 0.6030250087890625 0.7212231567765568
0 0.570823783203125 0.7293212615384616 0.5920591840820313 0.747346084981685 0.6023287763671875 0.7243579084249084 0.6105096245117188 0.6927491641025642 0.5972810053710937 0.6849122842490842 0.5854448823242188 0.6875245736263736 0.5767418525390625 0.6851735098901099 0.573608759765625 0.6961451413919414 0.5729670043945313 0.6936281992673993 0.570823783203125 0.7293212615384616
2 0.5613471708984376 0.7272314351648352 0.57631638671875 0.7115576754578754 0.5754460883789062 0.6841285963369964 0.5662208603515625 0.6663649985347985 0.5597806245117187 0.6744631032967033 0.5515997607421875 0.6802101567765567 0.5466066938476563 0.6893207604395604 0.5479444858398438 0.7065943106227106 0.5613471708984376 0.7272314351648352
0 0.5260128364257812 0.8056814410256411 0.5184194311523438 0.8216766117216117 0.54289673046875 0.8558374717948718 0.56239153515625 0.8404249494505494 0.5709204995117187 0.799150712087912 0.570050201171875 0.7785135992673993 0.5646543139648438 0.7542192725274726 0.5585621943359375 0.7495171443223444 0.5455076411132812 0.7516069714285715 0.5355861806640625 0.778774824908425 0.5286237470703125 0.79079136996337 0.5260128364257812 0.8056814410256411
0 0.4519821123046875 0.6725305377289378 0.4453529682617188 0.6775882549450549 0.437308291015625 0.7055641355311355 0.4463383359375 0.7375813157509158 0.4645113046875 0.7333462490842492 0.47794350830078125 0.7092910087912088 0.4672203193359375 0.6982798065934066 0.46631731787109376 0.6782902468864469 0.45852890087890624 0.6696506908424908 0.45943190234375 0.6564372476190476 0.4534494990234375 0.6586394886446887 0.4519821123046875 0.6725305377289378
2 0.408794984375 0.7144091032967033 0.4057031181640625 0.7385977340659341 0.40446148486328126 0.7493315186813188 0.418345189453125 0.7774524256410257 0.43629241015625 0.7706763128205129 0.445209576171875 0.7471292813186813 0.44487094921875 0.7191777758241759 0.436518158203125 0.7035926908424909 0.427036607421875 0.6964777619047618 0.4096537607421875 0.7078277648351649 0.408794984375 0.7144091032967033
0 0.6797929775390625 0.7641505692307692 0.6840573774414063 0.7717357538461539 0.6949155546875 0.7779143428571429 0.7267013793945313 0.7623279714285714 0.7325451918945313 0.7101799274725276 0.7068008452148438 0.6938244036630036 0.6914806025390625 0.6717063032967033 0.6771079897460938 0.651321158974359 0.6469413115234375 0.6619878102564103 0.6458357211914062 0.6745507421245421 0.6526271782226563 0.7112914153846154 0.6682633125 0.7342839597069597 0.6797929775390625 0.7641505692307692
0 0.73730674609375 0.7118247868131868 0.7306454619140625 0.7277239238095238 0.7282763505859375 0.7504794351648352 0.7252754716796875 0.7583016424908425 0.71216639453125 0.7647016300366302 0.70948140625 0.7746571663003664 0.7244857724609375 0.7810571538461539 0.7434386625976562 0.7706275406593406 0.7527571616210937 0.7459757333333333 0.73730674609375 0.7118247868131868
0 0.715653708984375 0.8105477912087912 0.7207078076171874 0.7861330161172161 0.706966962890625 0.773570084981685 0.6943317080078125 0.7787848864468864 0.6861187841796875 0.7794959956043956 0.6753788178710938 0.8041478036630036 0.6721806142578125 0.8145123223443224 0.703018439453125 0.8311699736263736 0.715653708984375 0.8105477912087912
0 0.7514662822265625 0.7608696117216117 0.7462542377929687 0.7587362827838827 0.739911791015625 0.7665440967032967 0.7479915810546875 0.7798325421245422 0.7453065932617188 0.8125435897435898 0.7579418481445312 0.861373128937729 0.8020073168945312 0.8611360849816849 0.8075352529296875 0.8386176175824176 0.8059558403320313 0.821076906959707 0.7950579287109375 0.7890769684981684 0.776578861328125 0.7776992124542124 0.7647333051757812 0.7696399670329671 0.7514662822265625 0.7608696117216117
0 0.8065379111328125 0.8509891992673994 0.8004279047851562 0.8516086293040293 0.7795797260742188 0.8620382315018315 0.7757891479492187 0.8508975194139194 0.765838880859375 0.8501864095238095 0.7618903715820312 0.8625123084249084 0.7618903715820312 0.8788678322344322 0.7884244174804688 0.8971196520146519 0.807061416015625 0.8990159377289377 0.8065379111328125 0.8509891992673994
0 0.738017212890625 0.9051189721611722 0.7317311552734375 0.934078115018315 0.7546325537109375 0.9698706351648352 0.785273068359375 0.9753224908424909 0.7896953999023437 0.9378706967032967 0.7776919125976562 0.9011300344322344 0.7587390229492188 0.8871448725274725 0.73678525390625 0.8672338 0.7265191103515625 0.8579893736263736 0.7320470317382812 0.8795596981684981 0.738017212890625 0.9051189721611722
0 0.8037521362304687 0.908004087912088 0.7806452260742187 0.8973019274725275 0.7748489790039063 0.8956781897435897 0.781640421875 0.9127448234432235 0.7911168666992188 0.9402410695970695 0.7873262885742187 0.9506706725274725 0.78653658984375 0.9746113809523809 0.7971186245117188 0.9904928175824176 0.8031203681640625 0.9762706227106227 0.8061212475585937 0.9364484776556776 0.8037521362304687 0.908004087912088
0 0.8114912231445313 0.9272040505494505 0.8065950693359375 0.9452188380952381 0.8046997807617188 0.9717669421245422 0.7990139135742188 1 0.8372355844726562 0.9997372439560439 0.8366038022460938 0.973900271062271 0.81717708984375 0.9307595992673994 0.8119650454101562 0.9255447985347984 0.8114912231445313 0.9272040505494505
0 0.7952407456054688 0.9998334827838827 0.7923978120117188 0.983714980952381 0.7794466801757812 0.971389082051282 0.7663375883789062 0.9808705421245422 0.7552817314453125 0.9588261399267399 0.7486482197265625 0.9602483597069597 0.7484373940429687 0.9740510893772893 0.7390138295898437 1 0.7952407456054688 0.9998334827838827
0 0.7093268364257812 0.9143153684981684 0.7262264912109375 0.945604197069597 0.7379141162109375 0.9242709047619049 0.7387038154296875 0.8965376249084249 0.7297011928710937 0.8626413904761905 0.7169079921875 0.843915504029304 0.6894263017578125 0.8353821875457875 0.7041147915039062 0.8773376622710622 0.7006400903320312 0.8920339223443222 0.7093268364257812 0.9143153684981684
0 0.7257526689453125 0.933752375091575 0.710590357421875 0.9173968402930404 0.7041147915039062 0.8979598446886446 0.7033250927734375 0.8832635728937729 0.7014298037109375 0.870937673992674 0.6881627807617188 0.8901376373626374 0.6875310131835938 0.9022265025641025 0.7017456801757812 0.9418116043956044 0.7257526689453125 0.933752375091575
0 0.7333338251953125 1 0.71975092578125 0.945929947985348 0.682950736328125 0.9336040388278389 0.6652613676757813 0.905870758974359 0.666023234375 0.923595621978022 0.66999958984375 0.959203989010989 0.6624184340820313 0.9798261714285714 0.6669987109375 1 0.7333338251953125 1
0 0.664365478515625 0.8226846871794872 0.6451360913085937 0.817278693040293 0.6400819921875 0.8179898029304029 0.629973779296875 0.831500887912088 0.6291840805664063 0.857811947985348 0.6315531918945313 0.8819896791208791 0.6598245805664062 0.9011896417582418 0.6835156928710937 0.8909970615384615 0.6809886362304688 0.8284194051282051 0.664365478515625 0.8226846871794872
0 0.5991117348632813 0.898406687912088 0.6016387768554687 0.9126288827838828 0.6006602807617187 0.9100934549450549 0.6082722885742188 0.9685695296703297 0.6327531142578126 0.975917649084249 0.6499686459960937 0.9519769619047619 0.646336013671875 0.9292214505494505 0.64017632421875 0.9076511142857142 0.6254878349609375 0.8780215494505494 0.6138002241210937 0.8718585948717948 0.6098517006835937 0.8630882395604395 0.60369201171875 0.8680660073260074 0.5991117348632813 0.898406687912088
2 0.6662365478515625 0.8965104021978022 0.6534433471679687 0.8965104021978022 0.643493080078125 0.8860807897435897 0.6316475239257813 0.8787326593406594 0.6337007583007812 0.8988807648351649 0.6447566010742187 0.9211621992673993 0.650866607421875 0.93780843003663 0.6686056591796875 0.9211621992673993 0.6662365478515625 0.8965104021978022
2 0.5531509697265625 0.8957992930402932 0.5529930317382813 0.9273251538461539 0.5684712202148438 0.9631176739926741 0.5812644204101562 0.9773398688644689 0.6005332016601562 0.9581399054945056 0.599427611328125 0.9263770117216118 0.598322021484375 0.8901104146520147 0.5815803115234375 0.8723326717948718 0.5675051591796875 0.8877082827838828 0.5531509697265625 0.8957992930402932
0 0.5812887587890625 0.9751769706959708 0.5719702592773438 0.9683029172161173 0.5677419814453125 0.9740510893772893 0.559492935546875 1 0.5962931391601562 1 0.5928184379882813 0.9692510593406595 0.5812887587890625 0.9751769706959708
0 0.5255356791992187 0.9701992021978022 0.5334327119140625 1 0.55917705859375 0.9974584161172161 0.566284392578125 0.9690140263736264 0.5656526245117187 0.9512362835164836 0.55807146875 0.9322733531135531 0.5563341254882812 0.919947454945055 0.5497006137695313 0.921369673992674 0.530797703125 0.9331892673992673 0.5255356791992187 0.9701992021978022
2 0.35462711865234375 0.9300894666666667 0.34522549072265624 0.9114900703296704 0.32642227392578127 0.9092453054945056 0.315952287109375 0.9073212293040294 0.30607869677734373 0.9134930945054944 0.31103781298828126 0.9672882732600733 0.3379606196289062 0.963760810989011 0.35462711865234375 0.9300894666666667
2 0.30954209521484377 0.8048892659340658 0.3041563603515625 0.8187948974358974 0.29608069189453123 0.8568393164835165 0.29864476904296877 0.875118038095238 0.3024908837890625 0.8982069501831501 0.346507529296875 0.9123168454212455 0.376849111328125 0.8629322336996337 0.38368664306640626 0.8161130468864468 0.37385769482421877 0.7866105443223443 0.3447981513671875 0.784045112087912 0.32449921630859374 0.7859691882783884 0.30954209521484377 0.8048892659340658
0 0.2938329189453125 0.7387321692307692 0.28742272705078126 0.7794584388278388 0.30195248876953124 0.8003026 0.32161042431640624 0.7922856219780219 0.3278069365234375 0.771120786080586 0.33101203271484375 0.7547661406593407 0.31883266748046873 0.7339219794871795 0.30793534130859374 0.7339219794871795 0.310243759765625 0.7322686263736264 0.2938329189453125 0.7387321692307692
2 0.35573905859375 0.9634860512820513 0.372688615234375 0.9676146776556775 0.3746116728515625 0.944205076923077 0.37311595458984376 0.9240022791208791 0.3711928969726562 0.8989892915750916 0.3688425 0.8839173582417582 0.357517833984375 0.8941791018315018 0.35303069921875 0.9118164600732601 0.35388537841796874 0.9313778937728938 0.35281702001953125 0.9608804117216118 0.35573905859375 0.9634860512820513
0 0.242000810546875 0.994731649084249 0.241180900390625 0.9996768754578754 0.31917156298828125 1 0.32729113330078125 0.9939046476190476 0.31788952490234373 0.9746638879120879 0.3067785185546875 0.9589506205128205 0.3052828203125 0.9329755802197802 0.27942837255859376 0.910848706959707 0.26233453369140625 0.9358616945054945 0.242000810546875 0.994731649084249
0 0.255924341796875 0.9458027487179487 0.2439231474609375 0.9216650197802198 0.2140444140625 0.9355410197802199 0.20058301123046876 0.9724191523809524 0.18455753125 0.9948666857142858 0.18391651171875 1 0.23797580419921874 1 0.255924341796875 0.9458027487179487
0 0.30015466650390626 0.8300375164835164 0.30031168701171873 0.8159106886446887 0.29011201953125 0.8213791743589743 0.27173614208984376 0.8579366183150183 0.267035328125 0.8880804695970697 0.2766506162109375 0.8835909692307692 0.27045410400390624 0.9089246307692308 0.29780425 0.9050764791208791 0.309128935546875 0.8957767736263736 0.30229138427734376 0.8749326271062271 0.2999409873046875 0.8537677919413919 0.30015466650390626 0.8300375164835164
2 0.362111447265625 0.7514247875457876 0.367162310546875 0.7657190556776557 0.37336763720703126 0.7650693157509157 0.37697539501953126 0.7542403311355312 0.3849124560546875 0.746876610989011 0.38390228076171873 0.7395129003663004 0.3752820346679687 0.7367511142857143 0.36817247265625 0.7416786952380953 0.362111447265625 0.7514247875457876
0 0.23274602734375 0.6092477802197802 0.21168305712890625 0.6418025692307693 0.20256624853515626 0.6828499120879121 0.2088537041015625 0.7238972542124542 0.234003498046875 0.7446568586080585 0.2726713212890625 0.7154047010989011 0.27833002685546876 0.6710547054945055 0.26669826220703124 0.6432179948717949 0.25423202490234376 0.6105887802197801 0.23274602734375 0.6092477802197802
0 0.2707850859375 0.6517105487179486 0.2943630268554687 0.6653930036630037 0.31699785009765624 0.6602031025641025 0.31385414404296874 0.6351972644688645 0.30347985009765627 0.6064169296703297 0.29059055615234375 0.5856573684981685 0.27968665380859375 0.5943221289377288 0.2578958212890625 0.6205711853479853 0.2707850859375 0.6517105487179486
2 0.2508445390625 0.5401675421245421 0.21934975537109375 0.5342062454212454 0.19362874560546875 0.5547935992673992 0.1791675986328125 0.566588827106227 0.1681645693359375 0.583573934065934 0.182311333984375 0.6000872183150183 0.18388318701171874 0.6302829787545787 0.2121767158203125 0.623677652014652 0.2404702451171875 0.6019744666666667 0.26404818603515623 0.5774404087912087 0.2508445390625 0.5401675421245421
0 0.25180434716796873 0.2530588659340659 0.2900838115234375 0.285613641025641 0.29476239990234376 0.24859057362637366 0.2781746318359375 0.20007758534798536 0.24712572021484375 0.17965104981684982 0.21352488330078126 0.1764593956043956 0.212583943359375 0.18595006666666666 0.21012223828125 0.26071881318681317 0.25180434716796873 0.2530588659340659
0 0.00466216552734375 0.28206733699633696 0.00102145556640625 0.2968904 0.01034929541015625 0.3248887553113553 0.03480337939453125 0.34304984688644685 0.0539632822265625 0.32564547326007326 0.07841734326171874 0.33321258315018315 0.08950992919921875 0.32148355018315017 0.08799730615234375 0.2749457531135531 0.04665225439453125 0.25073096996336997 0.00466216552734375 0.28206733699633696
0 0.0890057060546875 0.30294410842490843 0.09682093408203125 0.32413203736263735 0.11976239501953125 0.3392662915750916 0.1558132421875 0.31656492747252746 0.13791387451171874 0.26737862564102566 0.1025678017578125 0.26278391282051283 0.09001412939453125 0.27910767545787546 0.0890057060546875 0.30294410842490843
0 0.19589775927734376 0.4727810241758242 0.20774663427734374 0.4421341824175824 0.21883922021484375 0.4024067941391941 0.20320876416015626 0.3759218747252748 0.17930465185546876 0.36373830842490845 0.1711915869140625 0.3600309194139194 0.1550569306640625 0.3710032512820513 0.14346014453125 0.392569547985348 0.14472067919921874 0.41527091208791206 0.15808217724609375 0.446674454945055 0.17018316357421875 0.43797227692307694 0.1790067919921875 0.44705282271062274 0.177242080078125 0.45878187252747255 0.19589775927734376 0.4727810241758242
0 0.1873262197265625 0.36381447472527473 0.21304081591796875 0.36532791062271064 0.21203241552734375 0.35170709157509156 0.1926204013671875 0.34262654578754576 0.19110777783203126 0.3267355904761905 0.18682202001953124 0.3074394307692308 0.17628053955078124 0.304753717948718 0.17068736376953125 0.3339243501831502 0.1873262197265625 0.36381447472527473
0 0.15203168408203124 0.3218169501831502 0.14648539111328124 0.33505941831501834 0.1321154697265625 0.3274922915750916 0.1240481533203125 0.33505941831501834 0.1174934599609375 0.3623010564102564 0.12556077685546874 0.38197556630036633 0.16640160546875 0.3626794065934066 0.1649401181640625 0.3263057794871795 0.15203168408203124 0.3218169501831502
0 0.1172413486328125 0.3373295553113553 0.1056445625 0.32370873626373625 0.0904713525390625 0.3257386205128205 0.0927872646484375 0.3554906468864469 0.10614878564453124 0.36835474725274725 0.12102290673828126 0.35170709157509156 0.1172413486328125 0.3373295553113553
0 0.1023672275390625 0.4228380227106227 0.12077079541015626 0.425108158974359 0.12077079541015626 0.40543364835164836 0.12077079541015626 0.3857591384615385 0.11270347900390625 0.37478680659340663 0.10135880419921875 0.3694898153846154 0.09656882275390626 0.3740300886446886 0.0927872646484375 0.39105611208791213 0.1023672275390625 0.4228380227106227
0 0.1187539716796875 0.39786652161172165 0.1212750185546875 0.414892545054945 0.1285860234375 0.4319185684981685 0.127516728515625 0.4272601750915751 0.14320805615234375 0.45083639487179483 0.155561130859375 0.4413774813186813 0.1482501259765625 0.4175410490842491 0.1427038330078125 0.4005150256410256 0.15329219580078124 0.3812188659340659 0.15026694921875 0.36797639706959706 0.1333760048828125 0.37819201098901095 0.11900608349609375 0.3812188659340659 0.1225355302734375 0.38954269377289374 0.1187539716796875 0.39786652161172165
0 0.086858443359375 0.4941015912087912 0.093665248046875 0.5209648615384616 0.119127732421875 0.5421528249084249 0.16475854248046876 0.5421528249084249 0.192994162109375 0.5228566476190476 0.18820420361328125 0.48426432747252746 0.144590216796875 0.45513090402930406 0.11201815283203125 0.45731963003663006 0.086858443359375 0.4941015912087912
0 0.0788177587890625 0.4077097787545788 0.09318768017578125 0.39673744688644685 0.09318768017578125 0.37744128644688646 0.08385985205078125 0.3554966402930403 0.05418200439453125 0.354663756043956 0.04352322314453125 0.37971142344322345 0.05007791650390625 0.40808812893772894 0.0788177587890625 0.4077097787545788
0 0 0.3713875956043956 0.00116977099609375 0.41300676923076923 0.02864910205078125 0.4152769054945055 0.04301902294921875 0.37857635457875455 0.038985353515625 0.3422541714285714 0.01071039013671875 0.3319773750915751 0 0.34187582124542126 0 0.3713875956043956
0 0.01902669873046875 0.41818562271062276 0.0142791806640625 0.4410051076923077 0.0263801669921875 0.4625714036630037 0.0599099677734375 0.47089524908424907 0.07327148876953125 0.454625926007326 0.13175957373046876 0.4417618424908425 0.127978015625 0.43268127912087917 0.09142296826171875 0.4243574512820513 0.06696888427734375 0.41073663296703294 0.03621221826171875 0.40960156483516486 0.01902669873046875 0.41818562271062276
0 0 0.5594083450549451 0.02511963232421875 0.5599288058608058 0.0465484697265625 0.5179312813186813 0.04478373486328125 0.5114992227106228 0.033691171875 0.5065805992673993 0.029657501953125 0.49182471208791206 0.03797693017578125 0.4782038937728938 0.02814487890625 0.4555025289377289 0.01100182275390625 0.4373414373626373 0.0006655712890625 0.42485568717948713 0 0.43469293333333336 0 0.5594083450549451
0 0.0727046923828125 0.4890805641025641 0.0610323837890625 0.5064007802197802 0.06355343017578124 0.5340207677655677 0.083217533203125 0.551425158974359 0.1028816357421875 0.5438580490842491 0.1033858359375 0.5264536578754578 0.0905285380859375 0.5177514622710623 0.08725120263671875 0.4901314747252747 0.0905285380859375 0.47688900659340655 0.07439390478515626 0.46932187912087914 0.0727046923828125 0.4890805641025641
0 0.02977151806640625 0.491644893040293 0.03077991796875 0.502238857875458 0.04338512744140625 0.5158596761904762 0.059015560546875 0.5291021619047619 0.06153660693359375 0.5082925663003662 0.06809130029296875 0.4855912021978022 0.06279711865234375 0.4621331194139194 0.04867930908203125 0.46288983736263734 0.04170754150390625 0.47149861831501827 0.02977151806640625 0.491644893040293
0 0.01174225439453125 0.5892075692307692 0.01829694775390625 0.611152216117216 0.03493580419921875 0.6145574205128205 0.0644319580078125 0.5948829106227106 0.073255609375 0.5797486732600733 0.05888568798828125 0.5699114095238096 0.049267822265625 0.549766632967033 0.023339041015625 0.5657494871794873 0.01174225439453125 0.5892075692307692
0 0.09164244677734375 0.553440558974359 0.0737430791015625 0.5954380835164835 0.07878514892578126 0.6101939699633699 0.09542400537109375 0.6207879347985348 0.10449974462890625 0.5977082197802198 0.112062861328125 0.576141923076923 0.12844962890625 0.5723583684981686 0.143071638671875 0.5564674131868133 0.12940679833984375 0.5446621970695971 0.09164244677734375 0.553440558974359
0 0.14433217333984374 0.6363005567765567 0.16828203466796876 0.6083021838827839 0.16947628662109376 0.5724530139194139 0.1612231181640625 0.5644128908424908 0.147357419921875 0.5663046593406593 0.13147487548828124 0.5704665824175824 0.11407970751953125 0.5772769919413919 0.10702079150390625 0.5916545282051282 0.09769293994140625 0.613599175091575 0.09970978662109375 0.634408753113553 0.1221470244140625 0.6533265802197803 0.14433217333984374 0.6363005567765567
0 0.0041765859375 0.698885136996337 0.017538083984375 0.7128843238095238 0.0530847314453125 0.7022903421245421 0.06316889404296876 0.663698021978022 0.0639252060546875 0.6493204857142857 0.0588831357421875 0.6387265216117216 0.04586569580078125 0.6359748813186813 0.01098339111328125 0.653104041025641 0.0041765859375 0.698885136996337
0 0.0155212607421875 0.7875388285714285 0.04703423828125 0.793592536996337 0.06064784765625 0.7724045912087912 0.065942029296875 0.7447846036630037 0.06089995947265625 0.7201914527472527 0.0457737265625 0.7080840527472527 0.02989118212890625 0.7130026930402931 0.0180422958984375 0.7262451443223443 0.0080642919921875 0.7545112219780219 0.0155212607421875 0.7875388285714285
0 0.032900265625 0.9826596857142857 0.03617761181640625 1 0.11886768115234375 1 0.13777547216796876 0.9883350263736264 0.1455907001953125 0.9380136747252747 0.120632416015625 0.9436890153846155 0.1085314296875 0.9145555919413919 0.10474987158203125 0.8960161501831501 0.08432945703125 0.8960161501831501 0.07119263623046874 0.9110472512820513 0.032900265625 0.9826596857142857
0 0 0.9826814117216116 0.0549688466796875 0.9153340358974359 0.06530512109375 0.8831737750915751 0.05068308837890625 0.8759849985347985 0.043597611328125 0.8679431267399267 0 0.9191175912087913 0 0.9826814117216116
0 0.18667570068359374 0.8417606417582417 0.2025582451171875 0.8171674908424907 0.1957514404296875 0.8171674908424907 0.1781041611328125 0.8171674908424907 0.1554148115234375 0.8304099589743591 0.147929486328125 0.841853789010989 0.1160866064453125 0.8879200710622711 0.1067587548828125 0.899649120879121 0.1120529365234375 0.9231071860805861 0.124910234375 0.9420250131868132 0.158692169921875 0.9386198080586081 0.17986889599609374 0.9329444673992674 0.2025582451171875 0.9140266402930403 0.22222234814453126 0.8690022791208791 0.20533138037109375 0.844030778021978 0.18667570068359374 0.8417606417582417
0 0.238274841796875 0.772093167032967 0.23230648779296875 0.7710080439560439 0.21087767333984375 0.7774401032967033 0.1997850869140625 0.7990063992673994 0.20281033349609376 0.8190592769230769 0.19373459375 0.844030778021978 0.21692816650390626 0.853489673992674 0.239617515625 0.8364636505494506 0.2466764091796875 0.8024116036630037 0.238274841796875 0.772093167032967
0 0.06089315380859375 0.8117094278388278 0.045010609375 0.8669494029304029 0.05736370703125 0.8873806307692307 0.0876161728515625 0.8892724344322344 0.0944229775390625 0.8661927025641026 0.0956834892578125 0.8332757238095237 0.0823219912109375 0.8211683238095238 0.07601938671875 0.802628882051282 0.06892455224609376 0.8044212600732601 0.06089315380859375 0.8117094278388278
0 0.0886245732421875 0.8684628388278388 0.09215404296875 0.882462024908425 0.11131392236328125 0.89343433992674 0.127196466796875 0.8813269567765567 0.1367764296875 0.8571121567765568 0.12770068994140624 0.8427346197802198 0.1118181455078125 0.8272220153846153 0.100473470703125 0.8272220153846153 0.09803163330078125 0.832212076923077 0.0886245732421875 0.8684628388278388
0 0.1044578720703125 0.7681230505494505 0.08585143798828125 0.7780357311355312 0.0755151865234375 0.8162497003663004 0.09316244287109375 0.8298705194139194 0.09845662451171874 0.833654073992674 0.1143391689453125 0.821546673992674 0.12190228515625 0.7980886087912089 0.13097802490234375 0.7776573809523809 0.12442333203125 0.7515508117216118 0.11055761083984375 0.7553343663003663 0.1044578720703125 0.7681230505494505
0 0.1754600478515625 0.8071811413919413 0.176468470703125 0.779939504029304 0.162854861328125 0.7640485487179488 0.1525185869140625 0.7602649765567765 0.13461921923828124 0.766318684981685 0.1268039912109375 0.7928036051282051 0.116971939453125 0.7992356637362636 0.11319038134765624 0.8283690703296702 0.1351223583984375 0.8486247076923077 0.1661321962890625 0.8253422329670329 0.1754600478515625 0.8071811413919413
0 0.172122384765625 0.7465709882783883 0.16814904296875 0.7606433443223443 0.16663641943359375 0.7765342996336997 0.17445162451171875 0.779939504029304 0.1850399873046875 0.8003707318681319 0.2064688251953125 0.7769126498168497 0.23041868603515625 0.7723723765567765 0.2188219228515625 0.7432389531135531 0.1943678388671875 0.7462658073260073 0.172122384765625 0.7465709882783883
0 0.17974580615234376 0.7496710124542124 0.2145361416015625 0.743995671062271 0.219578234375 0.7269696476190476 0.20722513671875 0.7209159560439561 0.2064688251953125 0.7054033516483517 0.20041833203125 0.6895123963369963 0.1868649326171875 0.6977952695970696 0.17319111279296875 0.7277263655677656 0.17974580615234376 0.7496710124542124
0 0.05710904345703125 0.6753761113553113 0.0535795966796875 0.6844566571428571 0.05231906201171875 0.7052662351648351 0.07072265283203125 0.7226706263736264 0.098454072265625 0.7120766446886446 0.10475667724609375 0.6886185794871795 0.08887413232421874 0.6662955655677655 0.0803025927734375 0.6549448827838829 0.07677314599609375 0.657971736996337 0.05710904345703125 0.6753761113553113
0 0.11887448681640625 0.6432158505494505 0.10374825390625 0.6413240644688645 0.09009333837890625 0.6331390835164835 0.0787899697265625 0.6424591326007326 0.065932671875 0.6379188593406593 0.06643689501953125 0.6568366688644689 0.07828576953125 0.6549448827838829 0.089126244140625 0.6685657018315018 0.0966893603515625 0.6840783062271062 0.1113113701171875 0.6848350073260073 0.1208913330078125 0.6587284380952381 0.11887448681640625 0.6432158505494505
0 0.084840462890625 0.7807321648351648 0.10677350048828126 0.7629494410256411 0.11358030517578124 0.7379779399267399 0.10122723046875 0.7152765758241758 0.08509257421875 0.7186817802197802 0.06769740673828124 0.7296540945054946 0.06816852392578125 0.7340934791208791 0.0669410947265625 0.7693814827838827 0.084840462890625 0.7807321648351648
0 0.16904316650390624 0.6906834249084249 0.15744638037109376 0.6797110930402931 0.15063957568359376 0.6717656153846153 0.1316748828125 0.6558254644688645 0.1289586494140625 0.6543612417582417 0.1193787099609375 0.6706305472527473 0.1017314306640625 0.6963587663003663 0.1024877421875 0.7254921897435898 0.106521412109375 0.7391130080586081 0.11988290966796875 0.7538688952380953 0.1478664404296875 0.7466801179487179 0.1718163017578125 0.714898208058608 0.16904316650390624 0.6906834249084249
2 0.148478134765625 0.6311526512820513 0.14671339990234375 0.6678531853479853 0.16158752099609375 0.6901762168498169 0.1948652333984375 0.6890411487179487 0.21326882421875 0.6440167523809524 0.20873095458984375 0.6326660703296704 0.19057947509765624 0.6341795062271063 0.18326847021484374 0.6118564915750916 0.17061032861328124 0.6019453091575092 0.148478134765625 0.6311526512820513
0 0.0029923388671875 0.1403679772893773 0 0.13859094505494504 0.0025644921875 0.19564051355311357 0.04877602587890625 0.20374877875457875 0.0578538525390625 0.19367894725274723 0.04640790380859375 0.15813830036630036 0.0029923388671875 0.1403679772893773
0 0 0.1368139128205128 0.02706826171875 0.15103017142857142 0.04640790380859375 0.1403679772893773 0.0858766220703125 0.14866077655677656 0.08745538232421875 0.1368139128205128 0.05469633203125 0.11489716263736265 0.0365407509765625 0.09534980732600733 0.0010188974609375 0.06750963809523809 0 0.1368139128205128