0 0.1599755751953125 0.7854121794871795 0.15495016455078126 0.7711700388278389 0.19682858740234374 0.7322135948717948 0.20408751416015625 0.7259302974358974 0.20464589306640624 0.7250925245421246 0.19654939794921875 0.7121070424908424 0.17058477587890625 0.7091748373626373 0.13038148974609376 0.7422668703296703 0.1153052578125 0.7539956923076924 0.1088838994140625 0.7883443853479853 0.1088838994140625 0.8071942776556776 0.12898554248046876 0.8218553047619047 0.13791960595703126 0.8226930776556777 0.151879080078125 0.7983976608058608 0.1599755751953125 0.7854121794871795
0 0.0407616650390625 0.7891821582417582 0.03238598046875 0.806356504029304 0.03461949609375 0.8302330344322344 0.0591881708984375 0.8423807428571428 0.07817305615234375 0.8365163318681319 0.09729753564453125 0.8214364183150182 0.101904162109375 0.8013298666666667 0.08766549853515625 0.7870877252747254 0.0753811611328125 0.7862499523809524 0.0407616650390625 0.7891821582417582
0 0.0410408544921875 0.8578795435897435 0.032665169921875 0.8515962461538461 0.02093921142578125 0.8562039970695972 0.01340109521484375 0.8721216842490842 0.001954326171875 0.885526052014652 0.001343599609375 0.9098214688644688 0.01451785302734375 0.9219691772893772 0.03824895947265625 0.9249013824175825 0.05388357080078125 0.8913904630036631 0.0410408544921875 0.8578795435897435
0 0 0.8197608725274725 0.0092132529296875 0.8193419860805861 0.0270813798828125 0.806356504029304 0.0407616650390625 0.7958843421245422 0.0421576123046875 0.785831065934066 0.05444194970703125 0.7887632717948717 0.06644709765625 0.7766155633699634 0.09743713037109375 0.7539956923076924 0.09464523583984374 0.7523201465201464 0.07873143505859374 0.7556712380952382 0.05360438134765625 0.770332265934066 0.0494165390625 0.768237832967033 0.01926407470703125 0.7665622871794872 0.00167513671875 0.7745211304029304 0 0.8059376175824176 0 0.8197608725274725
0 0.2744432646484375 0.7284436161172162 0.27304731689453127 0.7209036593406594 0.266067580078125 0.7200658864468865 0.25043296875 0.7288625025641026 0.23954457861328124 0.7464557355311355 0.23061051513671876 0.7510634871794871 0.21274238818359376 0.7523201465201464 0.19738696630859376 0.7757777904761904 0.19487426123046875 0.8034242989010989 0.19934129296875 0.8185042124542126 0.218884556640625 0.8310708073260074 0.2269810517578125 0.8289763750915752 0.23926538916015624 0.8042620717948717 0.25043296875 0.7812233142857143 0.2588086533203125 0.7615356490842491 0.2744432646484375 0.7284436161172162
0 0.19109411572265625 0.8406997457875458 0.1836925830078125 0.8717432974358975 0.182683283203125 0.9083393531135532 0.200514248046875 0.9166681106227106 0.22120489599609375 0.9096012864468864 0.23634439453125 0.891681838095238 0.234325794921875 0.8525619157509157 0.23617617822265624 0.8336329216117216 0.2264196123046875 0.8313614417582418 0.20909329736328125 0.8258089369963371 0.19664526513671876 0.833128147985348 0.19109411572265625 0.8406997457875458
0 0.24929707666015624 0.8838578534798535 0.256698609375 0.8714909106227106 0.2445870107421875 0.8578620344322344 0.234157578125 0.8576096476190477 0.23583974462890625 0.8884008124542124 0.2287746455078125 0.9007677553113553 0.2228870625 0.9030392344322344 0.21699947998046876 0.9106108329670329 0.20101889794921876 0.9169204974358974 0.18285149951171875 0.9083393531135532 0.18402901611328126 0.8760338688644689 0.189075515625 0.8528143025641026 0.18066468310546874 0.8583668073260072 0.17544996728515624 0.8760338688644689 0.164515884765625 0.901272528937729 0.16182441845703124 0.9267635743589744 0.17847786669921875 0.9408972241758241 0.202701064453125 0.9330732395604396 0.20438323095703126 0.9373638117216117 0.2176723466796875 0.9295398271062271 0.2228870625 0.9131346989010989 0.2402133779296875 0.9093488996336997 0.241222677734375 0.8957200234432235 0.24929707666015624 0.8838578534798535
0 0.229597619140625 0.8356634168498168 0.23604614794921874 0.8469135970695971 0.261240400390625 0.8545637201465202 0.27173800537109377 0.8471386007326007 0.27203793701171874 0.8277882901098901 0.2816357470703125 0.8426385289377288 0.3033807861328125 0.8106880153846153 0.2858347890625 0.7627622461538461 0.28208564453125 0.7571371560439561 0.2741374580078125 0.7614122241758242 0.25929084521484375 0.7641122681318682 0.2486432744140625 0.7724374014652015 0.2474435478515625 0.7868376329670329 0.2396453271484375 0.8057379362637362 0.230797345703125 0.812938052014652 0.22464874853515626 0.8286883047619047 0.229597619140625 0.8356634168498168
0 0.17336044921875 0.8817891575091575 0.17650973095703126 0.8712139875457875 0.18085873876953126 0.8718889985347985 0.18205846484375 0.8669389186813188 0.1787592177734375 0.8631138571428572 0.18055880712890626 0.8579387743589744 0.1738103466796875 0.8496136402930402 0.1735104150390625 0.8514136695970695 0.1598635283203125 0.8516386732600733 0.15971356298828124 0.8617638358974359 0.15386489697265626 0.8572637633699633 0.14561677880859375 0.8671639223443224 0.14111780517578126 0.882914175091575 0.14171766845703124 0.897764413919414 0.14921595751953126 0.9074395692307692 0.16301281005859375 0.902039482051282 0.16751178369140626 0.894839367032967 0.17336044921875 0.8817891575091575
0 0.169911236328125 0.8419635179487179 0.1739603125 0.8480386153846153 0.18850699365234375 0.8392634747252746 0.1912063779296875 0.830038326007326 0.1999043935546875 0.8239632285714286 0.1996044619140625 0.8025878857142856 0.1993045302734375 0.7951627663003663 0.194805556640625 0.7915627084249085 0.19750494091796875 0.7776124849816849 0.1999043935546875 0.7623122388278388 0.19300596728515626 0.7530870908424908 0.1816085673828125 0.7625372424908424 0.17478512451171874 0.7733374161172162 0.1744102099609375 0.7836875824175824 0.1657121943359375 0.7893126725274726 0.16271287841796875 0.7971877992673994 0.1642125361328125 0.8100130051282052 0.1601634599609375 0.8241882322344323 0.16031342578125 0.8354384131868132 0.16736181787109375 0.8437635465201465 0.169911236328125 0.8419635179487179
0 0.41420550244140625 0.9461401904761905 0.4145054340820313 0.9236398293040292 0.4110562211914062 0.9072145655677656 0.40310803466796874 0.9018144783882783 0.4058074184570313 0.8896642835164834 0.4089567001953125 0.8754890564102564 0.4017583422851562 0.8635638644688644 0.3915606689453125 0.8606388175824176 0.382412755859375 0.8745890417582417 0.3741646376953125 0.8646888827838828 0.3592242958984375 0.8769797047619048 0.3629172036132812 0.9015894747252747 0.36036778515625 0.929489923076923 0.36726621142578125 0.967065526007326 0.3722150825195312 0.9724656131868131 0.3696656640625 0.9947409706959708 0.3750644321289063 0.9936159523809525 0.3779137822265625 0.9765156783882785 0.3819628583984375 0.9641404791208792 0.3971094028320313 0.9616654395604396 0.4046076923828125 0.9560403494505495 0.4110562211914062 0.9555903421245421 0.41420550244140625 0.9461401904761905
0 0.36276723779296877 0.9375900527472527 0.3588681274414062 0.9204897787545788 0.3617174775390625 0.8950643706959707 0.3599178876953125 0.8687389479853479 0.3512198720703125 0.8615388322344323 0.3408722329101562 0.8622138432234433 0.33727305419921877 0.8687389479853479 0.32407606494140623 0.883589186080586 0.32407606494140623 0.8941643560439559 0.31507811767578126 0.9024894893772895 0.3213766806640625 0.9166647172161172 0.31927715966796877 0.931064947985348 0.32452596240234377 0.9506402622710622 0.3381728486328125 0.9580653816849818 0.3501701118164062 0.9641404791208792 0.36216737451171876 0.9549153311355312 0.36276723779296877 0.9375900527472527
0 0.40265813720703125 0.8653638937728937 0.41375560546875 0.8739140307692308 0.4139055712890625 0.8520886805860807 0.41690488671875 0.8149630842490843 0.38541207177734377 0.8192381531135531 0.3782137138671875 0.8226132073260073 0.37671405615234377 0.8421885216117216 0.3692157666015625 0.8430885355311356 0.36529791064453127 0.8552387311355311 0.3669662797851562 0.8653638937728937 0.37596422705078125 0.8633388608058608 0.3831625849609375 0.8734640234432234 0.39201056640625 0.861088824908425 0.40265813720703125 0.8653638937728937
0 0.35961795654296874 0.8286883047619047 0.35466908544921877 0.8149630842490843 0.3501701118164062 0.8149630842490843 0.3455211723632812 0.8239632285714286 0.34597106982421877 0.8354384131868132 0.3461210356445312 0.8358884205128204 0.3368231567382812 0.8550137274725275 0.3428217880859375 0.8653638937728937 0.3548190512695312 0.8664889113553114 0.36036778515625 0.8730140161172162 0.3684659375 0.8691889545787547 0.3654666220703125 0.857488767032967 0.36261727197265625 0.8556887384615385 0.3684659375 0.8428635326007327 0.3642668955078125 0.8363384278388278 0.35961795654296874 0.8286883047619047
0 0.4579955122070313 0.8851642117216117 0.4632443149414063 0.8750390490842491 0.461294759765625 0.8671639223443224 0.4527467099609375 0.8653638937728937 0.447048009765625 0.8732390197802198 0.4365504047851563 0.8642388754578755 0.42995191015625 0.8633388608058608 0.422153689453125 0.8689639516483517 0.4179546474609375 0.8838141897435898 0.4214038603515625 0.9342149985347985 0.43205143115234373 0.9461401904761905 0.4458482836914063 0.9414151142857143 0.4555960595703125 0.923189821978022 0.4683431513671875 0.9186897494505495 0.47066762109375 0.909014594139194 0.46714342529296876 0.9036145076923077 0.47149243310546873 0.8910143054945056 0.46294438330078125 0.8851642117216117 0.4579955122070313 0.8851642117216117
0 0.43355108935546877 0.812938052014652 0.4298019443359375 0.8270007772893773 0.43864992578125 0.8313883479853479 0.43730023388671874 0.8460135831501833 0.42920208154296874 0.8601888102564101 0.4353506787109375 0.8649138864468865 0.44614821533203125 0.8721140021978022 0.4522968125 0.8660389040293041 0.46339428076171874 0.8678389333333333 0.46744335693359373 0.8750390490842491 0.4791406884765625 0.8619888395604395 0.4729920908203125 0.8538887091575091 0.48094027783203125 0.8334133802197802 0.48378962744140624 0.8208131780219781 0.4881386352539063 0.7989878278388278 0.4729920908203125 0.7884126578754579 0.46219455419921873 0.8208131780219781 0.46399414404296874 0.8041629106227107 0.44944746240234373 0.7942627516483517 0.44959742822265625 0.8073129611721611 0.43745019970703125 0.806637950915751 0.43355108935546877 0.812938052014652
0 0.43625047314453125 0.8502886512820513 0.42860221826171874 0.8383634600732601 0.42770242333984376 0.8273382827838828 0.4238033129882813 0.8219381963369963 0.4139055712890625 0.8385884637362637 0.4136056396484375 0.8523136842490843 0.4136056396484375 0.870313972893773 0.41930433935546874 0.8795391208791208 0.4223036552734375 0.8689639516483517 0.43280126025390625 0.8622138432234433 0.43625047314453125 0.8502886512820513
0 0.5002858642578125 0.851188665934066 0.4953369931640625 0.8475886080586081 0.48843856689453125 0.8529886945054946 0.48498935400390625 0.8646888827838828 0.4788407568359375 0.8754890564102564 0.4770411669921875 0.9000144498168499 0.4782408935546875 0.9193647604395605 0.46309434912109376 0.9495152446886447 0.4726921591796875 1 0.5133328876953125 1 0.5199313823242188 0.9627904578754579 0.51693206640625 0.939390082051282 0.50073576171875 0.9290399157509157 0.494887095703125 0.9072145655677656 0.48798866943359376 0.8991144351648352 0.4912879169921875 0.883589186080586 0.498936171875 0.870313972893773 0.5002858642578125 0.851188665934066
0 0.49383733544921876 0.9078895765567766 0.50073576171875 0.9229648183150183 0.5076341875 0.9355650205128205 0.5157581157226563 0.9344294556776556 0.5317786791992187 0.913964673992674 0.5350779267578125 0.8831391787545788 0.5220309033203125 0.8588387890109891 0.5220309033203125 0.849838643956044 0.5230806635742188 0.8293633157509158 0.5185816899414063 0.8282382974358975 0.51693206640625 0.8606388175824176 0.5056846323242188 0.8592887956043956 0.4999859326171875 0.8676139296703297 0.4906880537109375 0.8802141318681318 0.4872388408203125 0.8995644424908424 0.49383733544921876 0.9078895765567766
0 0.5283294663085938 0.8529886945054946 0.5236805268554687 0.8642388754578755 0.5284794321289062 0.8709889838827839 0.5298291240234375 0.877289084981685 0.5344780634765625 0.8833641824175824 0.5359777211914063 0.8946143633699634 0.5316287133789063 0.9083395831501831 0.52503021875 0.9189147531135531 0.5257800478515625 0.9306149413919415 0.5437759423828125 0.9544653238095238 0.5596723154296875 0.9429901399267399 0.5574228291015625 0.9256648615384615 0.5568229658203125 0.906989561904762 0.5461753950195313 0.8984394241758241 0.552024060546875 0.8779640959706959 0.54422583984375 0.8583887816849817 0.5404766948242188 0.8487136263736262 0.533728234375 0.846238586080586 0.5283294663085938 0.8529886945054946
0 0.5595223500976563 0.7546621164835164 0.5530738212890625 0.7373368380952381 0.5481249501953125 0.7357618124542125 0.5464753266601563 0.7476870043956044 0.5374773793945312 0.7353118051282052 0.5329784057617187 0.7400368813186813 0.5260799794921875 0.733286772893773 0.521581005859375 0.7251866432234433 0.516332203125 0.7337367802197802 0.5130329560546875 0.7605122102564104 0.5151324770507812 0.7778374879120878 0.5049348037109375 0.776262463003663 0.499835966796875 0.8025878857142856 0.5058345981445312 0.830038326007326 0.5199313823242188 0.8361134241758242 0.5280295346679688 0.8487136263736262 0.547675052734375 0.8525386879120879 0.5586225551757813 0.8430885355311356 0.5584725893554687 0.8230632146520146 0.565670947265625 0.8052879289377288 0.56162187109375 0.7845875963369963 0.5595223500976563 0.7546621164835164
0 0.6030124282226562 0.7463369824175825 0.6015127700195313 0.7321617545787545 0.5884657465820312 0.7346367948717949 0.5838168071289063 0.720461567032967 0.582467115234375 0.69571116996337 0.573769099609375 0.6981862095238095 0.5748188603515625 0.7224865992673992 0.5581726577148437 0.7368868307692308 0.56042214453125 0.7519620725274726 0.5617718369140625 0.7704123692307692 0.5652210498046875 0.7856282380952381 0.57406903125 0.8048379216117216 0.591764994140625 0.8167631135531136 0.603612291015625 0.8025878857142856 0.6076613671875 0.7926877267399268 0.60886109375 0.7620872351648352 0.6030124282226562 0.7463369824175825
0 0.5800676625976563 0.8131630556776556 0.5784180390625 0.8421885216117216 0.5674705366210937 0.8545637201465202 0.5631215288085938 0.8768390776556776 0.565371015625 0.8921393230769231 0.5815673203125 0.906989561904762 0.59206492578125 0.8946143633699634 0.5902653359375 0.8700889692307692 0.5895155073242188 0.8520886805860807 0.5857663623046875 0.8361134241758242 0.5838168071289063 0.8138380659340659 0.5800676625976563 0.8131630556776556
0 0.5988133857421875 0.8624388468864469 0.5890656098632813 0.812375542857143 0.5841167387695313 0.8034879003663004 0.5805175600585938 0.8073129611721611 0.5845666362304688 0.8239632285714286 0.5881658149414063 0.8545637201465202 0.59206492578125 0.8889892725274725 0.5943144125976563 0.9081145794871796 0.5878658837890625 0.9083395831501831 0.5779681416015625 0.9258898652014652 0.5742189970703125 0.9519902842490843 0.5805175600585938 0.9780907032967033 0.6006129755859375 0.9857408263736264 0.6142598618164062 0.9828157794871795 0.6229578774414063 0.9618904432234432 0.6255072958984375 0.9474902117216117 0.6145597934570313 0.9182397421245421 0.603312359375 0.8921393230769231 0.5988133857421875 0.8624388468864469
0 0.5661208447265625 0.8721140021978022 0.5676205024414063 0.8543387164835166 0.5788679365234375 0.8439885501831501 0.5695700576171875 0.8246382395604395 0.569420091796875 0.8100130051282052 0.565371015625 0.8093379941391942 0.5635714262695313 0.8127130483516484 0.5619218022460938 0.8253132505494505 0.5544235131835937 0.8293633157509158 0.5580226918945312 0.8428635326007327 0.547974984375 0.8509636622710623 0.5452756000976563 0.8577137706959708 0.5458754633789062 0.8628888534798534 0.556373068359375 0.8736890271062272 0.5587725209960938 0.8635638644688644 0.5610220078125 0.8757140593406593 0.5661208447265625 0.8721140021978022
0 0.6076613671875 0.7818875531135531 0.6013815502929688 0.7836875824175824 0.6055618461914063 0.8057379362637362 0.6190587670898438 0.8430885355311356 0.6217581513671875 0.849838643956044 0.6127602041015625 0.8577137706959708 0.6075114013671875 0.9000144498168499 0.6315747592773437 0.933413863003663 0.6519012744140625 0.942315128937729 0.6680975795898437 0.9117146373626374 0.664498400390625 0.8822391641025641 0.6637485717773437 0.866713915018315 0.6409537719726562 0.8509636622710623 0.6337554140625 0.8428635326007327 0.6141098959960938 0.7965127882783882 0.6076613671875 0.7818875531135531
0 0.635255072265625 0.984615808058608 0.6301562353515625 0.9992410432234433 0.6351051064453125 0.9969910065934067 0.63555500390625 0.9999160534798535 0.707688546875 0.9992410432234433 0.7019898471679688 0.9891158805860806 0.7088882734375 0.9828157794871795 0.7034895048828125 0.9684155479853479 0.6745461083984375 0.9438901545787546 0.674396142578125 0.9441151575091575 0.6680975795898437 0.9387150710622711 0.672896484375 0.9288149120879121 0.6617990161132813 0.9258898652014652 0.6583498032226562 0.9333149846153846 0.6457526772460938 0.9427651362637363 0.6456027114257813 0.9517652805860806 0.6339053798828125 0.9722406095238095 0.635255072265625 0.984615808058608
0 0.617559109375 0.8797641245421246 0.61695924609375 0.8651388901098901 0.6121603408203125 0.8628888534798534 0.6144098276367187 0.8914643128205127 0.6192087329101562 0.9173397282051282 0.6231078432617188 0.929489923076923 0.6217581513671875 0.9391650783882785 0.6145597934570313 0.9463651941391941 0.6115604780273437 0.9567153604395604 0.6139599301757812 0.9729156205128204 0.61815897265625 0.984615808058608 0.6232578090820312 0.9924909347985348 0.6319558247070313 0.9870908476190476 0.6348051748046875 0.977640695970696 0.6421534985351562 0.9810157501831502 0.6496517875976563 0.957840378021978 0.64305329296875 0.9481652227106228 0.63435527734375 0.9373650498168498 0.6271569194335938 0.9279148974358974 0.6226579458007813 0.907664572893773 0.617559109375 0.8797641245421246
0 0.6747379619140625 0.9278422065934065 0.694407884765625 0.9233706783882784 0.700964525390625 0.9045902578754578 0.6923216806640625 0.8732895567765567 0.6914275932617188 0.8451189260073261 0.6634128544921875 0.8410945501831502 0.6520877475585938 0.8093466959706959 0.6455311064453125 0.78967196996337 0.6392724946289062 0.7954849567765568 0.643742931640625 0.8361758681318681 0.6455311064453125 0.8554034417582418 0.6628167963867188 0.8589806644688645 0.6666911752929687 0.8835740725274724 0.6595384760742188 0.9086146336996337 0.6747379619140625 0.9278422065934065
0 0.6500015434570312 0.7342250139194139 0.6431468735351562 0.736460778021978 0.6514916889648438 0.7588184219780219 0.6497035141601563 0.7641842564102563 0.6491074560546874 0.7990621802197803 0.6634128544921875 0.8410945501831502 0.6878512436523437 0.8397530915750916 0.7024546713867188 0.8209726703296703 0.6988783217773438 0.7749159252747253 0.6854670107421875 0.75389973992674 0.6699694956054687 0.7386965421245422 0.661922708984375 0.743168071062271 0.6628167963867188 0.7597127274725275 0.6500015434570312 0.7342250139194139
0 0.7239127690429688 0.9390210285714286 0.7274891186523438 0.9273950542124542 0.7322575849609375 0.9349966527472526 0.7432846625976562 0.9148747736263736 0.74417875 0.8697123333333334 0.7352378759765625 0.8491433018315019 0.7063290502929688 0.8397530915750916 0.7027527001953126 0.8451189260073261 0.6947059135742187 0.8267856578754579 0.6863610981445313 0.8303628813186812 0.6932157680664063 0.8482489956043957 0.6917256225585937 0.871948098168498 0.6982822631835938 0.8992244227106226 0.69738817578125 0.9211349135531136 0.7030507294921875 0.9278422065934065 0.7239127690429688 0.9390210285714286
0 0.7090113125 0.9551185318681318 0.70513693359375 0.9743461054945055 0.7099053999023438 0.9864192329670329 0.73046941015625 0.9911143377289378 0.7388142255859375 0.9743461054945055 0.7429866337890625 0.9506470029304029 0.7322575849609375 0.9390210285714286 0.73046941015625 0.9300779714285714 0.7137797783203125 0.9336551941391941 0.7006664965820313 0.9171105377289378 0.6956000009765625 0.9166633853479854 0.701560583984375 0.9376795699633699 0.7090113125 0.9551185318681318
0 0.7453708666992187 0.9135333150183149 0.7361319633789063 0.9300779714285714 0.7328536430664062 0.9399153340659341 0.7379201381835937 0.9484112388278388 0.7459669248046875 0.9524356146520148 0.7826245087890625 0.968533117948718 0.794545673828125 0.9367852644688645 0.7882870620117187 0.9032487992673992 0.7644447314453126 0.882679767032967 0.7471590415039062 0.8656879575091575 0.7113955454101563 0.7954849567765568 0.704540875 0.7995093326007325 0.70513693359375 0.8088995428571428 0.744476779296875 0.891175671062271 0.7453708666992187 0.9135333150183149
0 0.7864988872070312 0.8290214227106227 0.7763658969726562 0.8249970468864469 0.7742796928710938 0.8361758681318681 0.7972279360351563 0.8782082380952382 0.8091491015625 0.9019073399267399 0.8106392475585937 0.9166633853479854 0.8106392475585937 0.9488583919413919 0.8249446459960937 0.9738989523809523 0.8472968310546874 0.9975980549450549 0.8723312783203125 0.9738989523809523 0.8762056572265625 0.9515413091575091 0.8678608413085938 0.9269479010989011 0.8505751513671875 0.9184519963369964 0.8294150830078125 0.9014601875457875 0.8091491015625 0.8652408051282051 0.7864988872070312 0.8290214227106227
0 0.913459298828125 0.9117447032967033 0.8902130263671875 0.8960943531135531 0.8782918608398438 0.9166633853479854 0.8684568994140625 0.9336551941391941 0.874417482421875 0.9528827677655678 0.8732253657226563 0.9730046468864468 0.8785898901367187 0.9958094432234432 0.8869347060546875 0.9971509018315019 0.8937893759765625 0.9882078446886448 0.9149494443359375 0.9841834688644688 0.9179297358398437 0.9488583919413919 0.913459298828125 0.9117447032967033
0 0.7897772080078125 0.7127616761904761 0.79871808203125 0.7346721663003662 0.7936515864257813 0.7454038358974359 0.8207722377929687 0.7959321098901099 0.856237705078125 0.7995093326007325 0.8714371909179688 0.7708915494505495 0.8711391616210937 0.7310949435897436 0.84163427734375 0.7082901472527473 0.8222623837890625 0.7006885487179487 0.8103412182617188 0.6819081282051281 0.7748757509765625 0.6716236117216117 0.77010728515625 0.6810138219780221 0.7897772080078125 0.7127616761904761
0 0.9164395903320313 0.778940301098901 0.8931933178710938 0.7623956446886447 0.8726293076171875 0.7717858549450549 0.8586219379882812 0.7977207216117217 0.8580258798828125 0.8200783648351648 0.8896169682617188 0.8478018432234433 0.9218041147460937 0.8232084351648351 0.9164395903320313 0.778940301098901
0 0.8312032578125 0.6081279040293041 0.801698373046875 0.5996319999999999 0.7915653828125 0.6041035282051282 0.791267353515625 0.6036563758241759 0.791267353515625 0.6166238087912088 0.8005062568359375 0.652396038095238 0.8216663251953125 0.6698350007326007 0.8481909184570312 0.7042657714285714 0.88455047265625 0.7087373003663003 0.9080947744140625 0.6854853509157509 0.9054125122070312 0.6577618725274725 0.88455047265625 0.6273554776556777 0.8577278505859375 0.6157295032967033 0.8312032578125 0.6081279040293041
0 0.9572695815429687 0.7476396 0.9703828637695312 0.7006885487179487 0.9575676108398438 0.6675992358974359 0.934917396484375 0.6689406945054945 0.9215060854492187 0.6760951406593406 0.9083928037109374 0.6908511853479854 0.899153900390625 0.7091844527472527 0.9069026577148438 0.7521670227106226 0.9572695815429687 0.7476396
0 0.964124251953125 0.7391436952380952 0.9480306787109375 0.7583712688644688 0.9486267368164063 0.7874362051282051 0.9614419897460937 0.8075580842490843 0.981707970703125 0.7901191223443224 0.9811119125976563 0.75389973992674 0.964124251953125 0.7391436952380952
0 0.8729273364257812 0.5839816490842491 0.90660462890625 0.5848759545787546 0.9274666684570313 0.5915832483516483 0.9441562998046875 0.6076807516483517 0.9489247661132812 0.6286969362637362 0.95995184375 0.6421115223443223 0.9840922041015625 0.625566865934066 0.9885626411132813 0.6032092227106227 0.9799197958984375 0.5692256043956043 0.95995184375 0.56385976996337 0.9596538149414062 0.5643069230769231 0.9447523579101562 0.5701199098901099 0.9295528720703125 0.5625183113553114 0.8997499584960937 0.5629654644688644 0.8782918608398438 0.55759963003663 0.8723312783203125 0.5696727575091575 0.8505751513671875 0.5701199098901099 0.8502771220703125 0.5790629677655678 0.8729273364257812 0.5839816490842491
0 0.9539912612304687 0.6358513824175824 0.9468385620117188 0.6108108212454212 0.9322351342773437 0.5933718593406593 0.9161415610351562 0.5857702608058608 0.8937893759765625 0.5839816490842491 0.8681588706054687 0.5812987318681319 0.8574298212890625 0.5951604710622711 0.8377598984375 0.5812987318681319 0.8297131118164063 0.5848759545787546 0.8297131118164063 0.5978433882783883 0.8654766083984375 0.6108108212454212 0.8684568994140625 0.6202010315018315 0.8833583564453125 0.6295912417582418 0.8970676962890625 0.643900134065934 0.9069026577148438 0.661339095970696 0.90988294921875 0.6774365992673993 0.9361095131835937 0.6716236117216117 0.9545873193359375 0.6617862483516483 0.9539912612304687 0.6358513824175824
0 0.985582349609375 0.6559732615384616 0.967998630859375 0.6586561787545788 0.9623360771484375 0.6640220131868132 0.9510109697265625 0.6720707648351648 0.9557794360351562 0.6787780578754579 0.967402572265625 0.6899568798534799 0.9733631552734375 0.7073958417582418 0.9843902329101563 0.7042657714285714 0.9954173110351563 0.6899568798534799 0.9972054858398437 0.6702821531135531 0.985582349609375 0.6559732615384616
0 0.734045759765625 0.6872739626373626 0.7259989731445312 0.6908511853479854 0.7221245942382812 0.6760951406593406 0.708713283203125 0.6631277069597069 0.7018586127929688 0.6577618725274725 0.6967921176757812 0.6604447897435898 0.69410985546875 0.6711764593406593 0.6884473017578125 0.6805666695970697 0.683380806640625 0.6729650703296703 0.6836788359375 0.6765422937728938 0.68308277734375 0.6953227142857142 0.6956000009765625 0.7056072300366301 0.693811826171875 0.7141031347985348 0.7060310209960937 0.7217047333333334 0.7024546713867188 0.7293063318681319 0.7221245942382812 0.7333307076923077 0.7388142255859375 0.7333307076923077 0.7450728374023438 0.71186736996337 0.7361319633789063 0.6997942424908425 0.734045759765625 0.6872739626373626
0 0.7450728374023438 0.7145502871794872 0.7635506440429688 0.7060543831501831 0.7748757509765625 0.6805666695970697 0.7751737802734375 0.6559732615384616 0.7739816635742187 0.6354042293040293 0.766530935546875 0.6246725604395604 0.741198458984375 0.6166238087912088 0.7417945170898438 0.6295912417582418 0.7423905751953125 0.6483716622710622 0.7331516723632813 0.6617862483516483 0.72272065234375 0.6640220131868132 0.719740361328125 0.6760951406593406 0.7257009438476563 0.6868268095238095 0.73374773046875 0.6863796564102564 0.73374773046875 0.7002413956043957 0.7450728374023438 0.7145502871794872
0 0.7459669248046875 0.6434529809523809 0.7453708666992187 0.6179652673992674 0.7456688959960938 0.5889003311355312 0.7379201381835937 0.5553638652014652 0.7286812353515625 0.5553638652014652 0.7173561279296875 0.5687784512820513 0.70841525390625 0.581745884981685 0.6947059135742187 0.5745914388278388 0.683380806640625 0.5741442857142858 0.6666911752929687 0.559388241025641 0.6589424174804688 0.5674369926739927 0.658644388671875 0.5687784512820513 0.6577503012695313 0.5692256043956043 0.6488094267578125 0.6197538791208792 0.6526838056640625 0.6461358981684981 0.669075408203125 0.6658106241758242 0.6804005151367187 0.6760951406593406 0.6851689814453125 0.6729650703296703 0.6887453310546875 0.679225210989011 0.6982822631835938 0.6622334014652015 0.723018681640625 0.6769894461538462 0.7257009438476563 0.6649163186813186 0.7459669248046875 0.6434529809523809
0 0.7069251083984375 0.49142100512820514 0.68695715625 0.47532350183150185 0.66877737890625 0.46325037435897437 0.6529818349609375 0.47040481978021975 0.6559621264648438 0.5258517758241759 0.6663931459960938 0.5616240058608059 0.6902354765625 0.5781686615384616 0.6958980302734376 0.575038591941392 0.7099053999023438 0.581745884981685 0.7200383901367188 0.5696727575091575 0.7319595556640625 0.5553638652014652 0.7343437885742188 0.5312176102564102 0.7218265649414063 0.5066242021978022 0.7069251083984375 0.49142100512820514
0 0.7805383046875 0.4860551706959707 0.7638486733398437 0.47532350183150185 0.74805312890625 0.48963239340659337 0.73702605078125 0.4806893362637363 0.7289792641601562 0.49768114505494504 0.7221245942382812 0.5008112153846154 0.7245088271484375 0.5124371897435898 0.7331516723632813 0.5321119164835165 0.73374773046875 0.5499980307692307 0.7465629833984375 0.5812987318681319 0.7560999155273438 0.5902417897435898 0.7629545859375 0.5745914388278388 0.77338560546875 0.5710142161172161 0.7781540717773437 0.5629654644688644 0.7859028291015625 0.5728028271062271 0.794545673828125 0.5674369926739927 0.8025924604492187 0.5298761516483517 0.7918634116210937 0.495445380952381 0.7805383046875 0.4860551706959707
0 0.8278811557617187 0.4808417018315018 0.8168163959960938 0.46512985787545785 0.79567480078125 0.46097955970695964 0.7852027958984374 0.4731340043956044 0.7832269458007812 0.4897351978021978 0.791525515625 0.4956641956043956 0.7976506508789063 0.511079589010989 0.8033806157226563 0.5300523809523809 0.815038130859375 0.5344991296703296 0.828276326171875 0.5261985326007326 0.8316352709960938 0.5069292908424908 0.8278811557617187 0.4808417018315018
0 0.8274859858398438 0.48321330036630034 0.8312401010742188 0.5048541413919414 0.8296594208984375 0.525605632967033 0.8375628212890625 0.5273843326007326 0.8359821411132813 0.5267914322344323 0.8654223061523437 0.5202695355311355 0.867793326171875 0.5042612417582417 0.8648295512695312 0.47817365274725276 0.8596923413085937 0.46483340805860807 0.8515913559570313 0.45534701172161174 0.8415145209960937 0.44852866446886447 0.8296594208984375 0.45623636190476197 0.8172115659179687 0.46038666007326007 0.8197801708984375 0.4695766058608059 0.8274859858398438 0.48321330036630034
0 0.8887373364257812 0.5078186402930404 0.8990117563476563 0.5015931926739927 0.9047417216796875 0.4876600483516484 0.9071127416992187 0.4672050073260073 0.8907131865234375 0.4363742197802198 0.8841928813476563 0.4325203714285714 0.876882236328125 0.44111741758241757 0.8634464560546875 0.4473428652014652 0.85751890625 0.46127600952380954 0.8646319663085937 0.4746162542124542 0.8658174760742188 0.4885493985347985 0.8660150610351562 0.50959733992674 0.8758943115234376 0.5164156864468865 0.8887373364257812 0.5078186402930404
0 0.8960479814453125 0.5315346307692308 0.90454413671875 0.5315346307692308 0.914028216796875 0.519973084981685 0.9245002216796875 0.5241233838827839 0.9331939619140625 0.5164156864468865 0.943270796875 0.49981449377289383 0.9405046069335937 0.47580205347985344 0.9312181118164062 0.4526789633699634 0.9225243715820313 0.4286665230769231 0.8954552265625 0.4399316183150183 0.895850396484375 0.4482322146520146 0.90612481640625 0.46690855750915755 0.90454413671875 0.48558489963369966 0.9013827763671876 0.4992215941391941 0.887551826171875 0.5060399413919414 0.89130594140625 0.5178979362637363 0.8881445815429687 0.5232340336996337 0.8968383212890625 0.5232340336996337 0.8960479814453125 0.5315346307692308
0 0.8073612548828125 0.4208093501831502 0.7978413491210937 0.4405862908424909 0.7989397998046875 0.45761643369963373 0.8168811611328125 0.4620113098901099 0.8414132265625 0.4477279633699634 0.8556930854492187 0.4581657934065934 0.8780282495117188 0.437839493040293 0.8813236015625 0.415865115018315 0.83262562109375 0.405976643956044 0.8073612548828125 0.4208093501831502
0 0.739623462890625 0.4356420556776556 0.7370604111328125 0.44882668278388277 0.7399896127929687 0.45541899633699634 0.7670847299804687 0.45486963663003666 0.7853922412109375 0.4680542637362638 0.7967428984375 0.4504747611721612 0.796376748046875 0.4208093501831502 0.7769707861328125 0.41531575531135534 0.7579309741210938 0.4356420556776556 0.739623462890625 0.4356420556776556
0 0.7293712563476562 0.47464657728937726 0.738891162109375 0.4740972175824176 0.74328496484375 0.4900286424908425 0.7557340727539062 0.49442351794871797 0.77514003515625 0.4839856879120879 0.7791676875 0.467504904029304 0.7674508798828125 0.45596835531135527 0.738891162109375 0.45432027692307697 0.7290051059570313 0.46585682564102565 0.7293712563476562 0.47464657728937726
0 0.80077055078125 0.39334137655677653 0.8381178745117187 0.40817408205128203 0.8882804555664062 0.4180625523809524 0.9091510185546875 0.3999336901098901 0.9146432719726563 0.37191635750915747 0.89816651171875 0.35213941684981687 0.8589884375 0.3587317304029304 0.8340902216796875 0.3746631545787546 0.801136701171875 0.3741137956043956 0.80077055078125 0.39334137655677653
0 0.9043910659179687 0.2906111567765568 0.8560592353515625 0.29775283003663006 0.8198103627929687 0.32302336483516486 0.8036997529296875 0.35049133846153846 0.8033336025390625 0.3730150761904762 0.8205426635742188 0.3730150761904762 0.8355548227539062 0.37356443589743593 0.853862333984375 0.3647746842490842 0.8754651977539063 0.3565342923076923 0.8999972631835937 0.35488621391941394 0.9175724741210938 0.38125546813186817 0.9362461357421875 0.3554355736263736 0.92526162890625 0.31533233260073257 0.9043910659179687 0.2906111567765568
0 0.916107873046875 0.3746631545787546 0.9142771220703125 0.38015674945054945 0.9230647275390625 0.39498945494505494 0.9611443510742187 0.42850038241758237 1 0.40982216043956043 0.999956275390625 0.3471951816849817 0.9915348203125 0.32522080293040295 0.974325759765625 0.3180791296703297 0.9670027548828125 0.3263195216117216 0.9552859477539063 0.3191778490842491 0.9369784360351563 0.33840543003663004 0.92928928125 0.36587340366300364 0.916107873046875 0.3746631545787546
0 0.9021941645507813 0.23457649157509158 0.916107873046875 0.2340271318681319 0.9307538823242187 0.19612132893772896 0.9190370751953125 0.19447325054945055 0.9186709248046875 0.1724988717948718 0.8860835541992188 0.15876488498168498 0.8707052446289063 0.2010655641025641 0.8707052446289063 0.21040467472527472 0.8428778271484375 0.22029314505494507 0.8469054799804687 0.23182969377289378 0.8765636484375 0.2169969882783883 0.8798590004882813 0.22303994285714285 0.872169845703125 0.2290828967032967 0.8699729443359375 0.24116880512820513 0.8835205029296875 0.24831047765567765 0.9021941645507813 0.23457649157509158
0 0.9450337412109375 0.16480783956043957 0.9757903603515625 0.15437000952380953 1 0.14612961758241758 1 0.05273850842490842 0.9706642573242188 0.06372569816849817 0.9527228959960937 0.07965712234432235 0.9285569809570312 0.10382893846153847 0.9186709248046875 0.12525395824175825 0.8860835541992188 0.13953730402930403 0.8871820048828125 0.15327129084249086 0.9259939291992187 0.15107385274725274 0.9450337412109375 0.16480783956043957
0 1 0.25050791575091574 0.9757903603515625 0.2609457457875458 0.9582151494140625 0.2757784512820513 0.912080220703125 0.2862162813186813 0.9124463706054687 0.298302189010989 0.964805853515625 0.29775283003663006 0.991168669921875 0.3312637567765568 1 0.3147829728937729 1 0.25050791575091574
0 0.735090546875 0.40147141465201464 0.77339329296875 0.3888499054945055 0.780910654296875 0.36951482710622713 0.785922228515625 0.3402436673992674 0.7698135971679687 0.30157351135531135 0.7648020229492187 0.3045274813186813 0.75996943359375 0.29687401318681317 0.7529890263671875 0.3115095926739927 0.745829634765625 0.2988880835164835 0.7202348090820313 0.3031847677655678 0.7035892236328125 0.32869632893772893 0.7048421171875 0.36494960073260074 0.7202348090820313 0.37730256703296705 0.735090546875 0.40147141465201464
0 0.7585375551757813 0.30345331062271064 0.7648020229492187 0.30613873772893774 0.7698135971679687 0.30237913919413917 0.7850273046875 0.3378267824175824 0.7814476083984375 0.3633383443223443 0.7936185747070312 0.3558191472527472 0.8023888295898437 0.34319763736263736 0.8079373579101562 0.31285230695970695 0.80024101171875 0.29942516923076923 0.7941555288085937 0.28626657435897435 0.7819845629882812 0.2792844622710623 0.7644440532226563 0.2784788344322344 0.7545998896484375 0.2956655706959707 0.750841208984375 0.305064567032967 0.7517361328125 0.3107039648351648 0.7585375551757813 0.30345331062271064
0 0.7485144067382813 0.397980358974359 0.74010212109375 0.3939522175824176 0.732405775390625 0.40576809890109894 0.7431448627929688 0.43584488717948716 0.772677353515625 0.41892669377289377 0.79003887890625 0.4143614673992674 0.79003887890625 0.3853588498168498 0.7866381674804688 0.3719317120879121 0.7791208061523438 0.37032045567765565 0.7755411103515625 0.3700519128205128 0.76838171875 0.3880442776556776 0.7581795854492187 0.39744327399267404 0.7485144067382813 0.397980358974359
0 0.47860941259765627 0.5430163326007327 0.4623339340820313 0.5417746798534798 0.444127466796875 0.5632966681318681 0.4369552216796875 0.5893713853479854 0.43971377734375 0.6369680915750916 0.46178222314453127 0.6849786820512821 0.5067466806640625 0.6721482652014652 0.5208153149414062 0.640279167032967 0.5128155034179688 0.5508801362637362 0.47860941259765627 0.5430163326007327
0 0.1613755078125 0.5736437780219781 0.155030830078125 0.5765409692307693 0.11916960595703124 0.5868880791208791 0.10068728271484376 0.6257932124542124 0.09710116064453125 0.6580761956043956 0.144272462890625 0.6837370285714286 0.17765098681640626 0.6613872710622711 0.19696087646484375 0.6266209816849817 0.19889186572265624 0.601374032967033 0.19640916552734375 0.582335350915751 0.1743407197265625 0.5798520446886446 0.1613755078125 0.5736437780219781
0 0.15972037451171875 0.5041111992673993 0.1613755078125 0.4788642505494506 0.1211005947265625 0.4912807824175824 0.10289412744140625 0.5376358358974359 0.1307555400390625 0.5666077435897436 0.15641010791015625 0.5736437780219781 0.171030453125 0.5620550153846154 0.17075459716796876 0.5318414542124542 0.2168224775390625 0.5119750029304029 0.214063921875 0.4916946673992674 0.16440991943359376 0.5128027714285714 0.15972037451171875 0.5041111992673993
0 0.2915793369140625 0.569918819047619 0.2970964482421875 0.5558467494505495 0.32550957177734374 0.5372219509157509 0.32164759375 0.5264609567765568 0.3095099487304688 0.5351525289377289 0.3034411264648437 0.5438441018315019 0.2921310478515625 0.5409469106227106 0.2921310478515625 0.540119142124542 0.28220024755859374 0.5128027714285714 0.273097013671875 0.503697315018315 0.26095936865234376 0.5144583091575091 0.25875252392578124 0.5301859164835164 0.24744244580078126 0.5347386446886446 0.2380633564453125 0.5632966681318681 0.23199453369140624 0.5835770036630037 0.25323541259765625 0.5897852703296703 0.27723484716796876 0.5901991545787546 0.2915793369140625 0.569918819047619
0 0.2968205927734375 0.5392913728937729 0.304820404296875 0.5430163326007327 0.3075789599609375 0.5376358358974359 0.31723390478515623 0.5256331882783882 0.3296474052734375 0.5277026102564103 0.34095748388671876 0.5041111992673993 0.3406816279296875 0.4916946673992674 0.337371361328125 0.4780364820512821 0.32826812744140627 0.48341697948717954 0.30895823779296877 0.4689310249084249 0.30923409326171875 0.4693449098901099 0.294337892578125 0.47182821611721615 0.29654473681640625 0.49707516410256414 0.2810968251953125 0.5132166556776557 0.28744150341796876 0.5231498813186813 0.2893724921875 0.5351525289377289 0.2932344702148437 0.5388774886446887 0.2968205927734375 0.5260470725274725 0.2968205927734375 0.5392913728937729
0 0.35874840869140623 0.602185271062271 0.35633422021484373 0.5795467274725274 0.34679817578125 0.5587192666666666 0.33376155810546876 0.5404273230769231 0.3261568642578125 0.5357185062271063 0.31179244287109376 0.5476716571428571 0.31191315234375 0.5594437003663004 0.31312024658203125 0.5666880344322345 0.30141143212890625 0.5686802263736264 0.294289576171875 0.5920432036630037 0.2904268745117187 0.6101540388278388 0.2973073120117187 0.6302570659340659 0.3138445029296875 0.6460134923076922 0.3331580107421875 0.6532578263736263 0.345228953125 0.663218786080586 0.3565756391601563 0.6498167677655678 0.36055905029296875 0.628264873992674 0.35874840869140623 0.602185271062271
0 0.35947266552734375 0.6436590842490842 0.3764926943359375 0.622650515018315 0.37456134326171875 0.6067129802197803 0.3869944140625 0.5987442124542124 0.39616833056640627 0.5785732695970696 0.40135883544921874 0.5536482329670329 0.4129469404296875 0.5489394161172162 0.424535044921875 0.513985504029304 0.40232451123046875 0.4891736593406593 0.38409738818359374 0.47196836630036626 0.36297323876953125 0.4694328490842491 0.34317689306640625 0.49297693479853477 0.34015915771484373 0.5002212688644689 0.3367792934570312 0.510363336996337 0.3286917622070312 0.5288363890109891 0.33183020703125 0.5398839978021978 0.34691888525390624 0.5543726666666667 0.35428216015625 0.5780978608058608 0.359593375 0.6003741875457875 0.3582655712890625 0.6300759575091575 0.35947266552734375 0.6436590842490842
0 0.29597950830078124 0.6315248241758242 0.29030616552734373 0.6072563054945055 0.2976694404296875 0.5822633523809524 0.29223751611328125 0.5742945853479854 0.2799251547851562 0.5853421948717948 0.26544002392578125 0.5904132285714285 0.26544002392578125 0.5902321201465202 0.24274665234375 0.5958464791208792 0.23164138525390626 0.6344225582417583 0.23538337744140625 0.6601399443223442 0.25119631201171877 0.6791563208791208 0.25554185107421873 0.6909283641025641 0.27618316259765624 0.6883928468864469 0.2890990712890625 0.6985349150183151 0.31927642724609373 0.6684709282051282 0.3216906157226562 0.6538011516483516 0.29597950830078124 0.6315248241758242
0 0.2356247958984375 0.6121462307692308 0.24045317333984376 0.6007364043956044 0.23429699267578125 0.5963898043956044 0.2183633486328125 0.5978386710622711 0.19868771240234376 0.6449268424908425 0.21691483544921875 0.6731797457875458 0.24274665234375 0.6865817633699633 0.244919421875 0.6726364205128206 0.2409360107421875 0.6548878021978022 0.2350212490234375 0.6521711765567766 0.234779830078125 0.6422102168498168 0.2312792568359375 0.6344225582417583 0.23707330908203125 0.6212016483516484 0.23900466015625 0.6159495062271062 0.2356247958984375 0.6121462307692308
0 0.3382198154296875 0.36503921245421245 0.314762634765625 0.367494632967033 0.30276128662109375 0.3715870007326007 0.29566958056640624 0.4280616769230769 0.29948819140625 0.4534343575091575 0.34149291064453124 0.49190261538461544 0.3622225122070313 0.4698038293040293 0.40695481005859374 0.45097893699633695 0.40149965185546876 0.4059628908424909 0.38077005029296873 0.37486089523809524 0.37258731298828124 0.35849142344322343 0.3480391005859375 0.37649784249084245 0.3382198154296875 0.36503921245421245
0 0.3318252690429688 0.31027733553113557 0.3141331630859375 0.3368219743589744 0.3192442158203125 0.36189191135531135 0.32514158447265623 0.3683806007326007 0.339885005859375 0.3674957794871795 0.3489276376953125 0.37870351575091576 0.36603000634765626 0.36248179194139196 0.3778247431640625 0.3441954857142857 0.3795939541015625 0.3144065018315018 0.36465395361328123 0.30231394358974356 0.3318252690429688 0.31027733553113557
0 0.43483263916015624 0.32060025054945057 0.42500369140625 0.3046734673992674 0.4147815859375 0.28815680293040297 0.40180737548828127 0.2837326967032967 0.3949271118164063 0.2922859692307692 0.39374763818359376 0.30968745494505495 0.38529474365234373 0.30998239487179485 0.3833289541015625 0.3556981619047619 0.3935510595703125 0.38960594285714284 0.4061321123046875 0.3984645252747253 0.4173371123046875 0.39404041831501835 0.42932842822265627 0.358942506959707 0.43699500732421875 0.36690589890109887 0.4444650078125 0.35068417509157507 0.4456444814453125 0.3341675106227106 0.43483263916015624 0.32060025054945057
0 0.49341316650390626 0.3893213714285714 0.48397737646484373 0.384012443956044 0.491447376953125 0.3592374476190476 0.47984921875 0.34213090256410256 0.46923395556640624 0.33298774871794873 0.454293955078125 0.34154102124542124 0.4419094814453125 0.35422346007326005 0.4383710600585938 0.3663160175824176 0.42932842822265627 0.36454637509157506 0.422644744140625 0.3801782183150183 0.412422638671875 0.4002341677655678 0.418909744140625 0.4418207684981685 0.42500369140625 0.4633514205128205 0.45350763916015624 0.47780350183150183 0.47336211328125 0.4760338586080586 0.47906290283203123 0.46040201611721615 0.4916439555664063 0.46482612234432236 0.498917376953125 0.43503713846153846 0.4940029033203125 0.41616095091575095 0.5010797456054688 0.4099672021978022 0.49341316650390626 0.3893213714285714
2 0.49832764013671876 0.41793059340659344 0.5068296796875 0.43798654285714284 0.5154300087890625 0.44064100659340655 0.5378400092773438 0.419405295970696 0.5527800092773437 0.37280470769230767 0.5372502724609375 0.34036126007326006 0.5234897456054688 0.34390054505494505 0.5160197456054687 0.33800173626373625 0.5046181665039062 0.3489145326007326 0.49341316650390626 0.3453752468864469 0.49007132421875 0.3607121494505494 0.48358421875 0.38342256263736263 0.4953789560546875 0.39610500146520145 0.5024557978515625 0.4108520234432234 0.49832764013671876 0.41793059340659344
0 0.32270968798828126 0.1412035772893773 0.309339912109375 0.1372703304029304 0.300688880859375 0.15025004615384616 0.27499793896484376 0.16283643736263737 0.27552224365234373 0.22065517289377293 0.29675659375 0.2501545274725275 0.300951033203125 0.2670674908424908 0.3400117509765625 0.2792605575091575 0.367013455078125 0.2529078007326008 0.36779991259765626 0.20846210622710623 0.35180861181640627 0.1840759728937729 0.350497849609375 0.15890319047619048 0.32270968798828126 0.1412035772893773
0 0.34032023828125 0.02077882564102564 0.3358885043945313 0.005541020512820513 0.322500974609375 0.006787750183150183 0.30948275634765626 0.01274434652014652 0.300688880859375 0.021239535531135532 0.29937811865234376 0.06922515238095238 0.305407625 0.10265775384615385 0.325855517578125 0.11878406813186813 0.33505755419921873 0.11885488424908425 0.346321544921875 0.11372944102564103 0.362478908203125 0.10832694578754577 0.36774159228515624 0.08643991575091575 0.365710380859375 0.05928891648351649 0.3508456064453125 0.029090356043956045 0.34032023828125 0.02077882564102564
0 0.4103122470703125 0.05055309597069597 0.3903011875 0.0313069934065934 0.3832887646484375 0.02104240586080586 0.3771315151367188 0.02232547912087912 0.37165840478515627 0.04336788424908425 0.3685797802734375 0.07878071355311356 0.3759342724609375 0.09956650402930403 0.3928667080078125 0.1198390652014652 0.403470859375 0.09623051282051281 0.4118515595703125 0.06928596923076924 0.4103122470703125 0.05055309597069597
0 0.3407011240234375 0 0.347029408203125 0.021555635164835166 0.3619094267578125 0.04028850842490843 0.3723425439453125 0.08801884249084249 0.3771315151367188 0.08801884249084249 0.3771315151367188 0.07185211648351648 0.37285564794921877 0.050296481318681314 0.37131633544921877 0.03438636996336997 0.3738818559570313 0.013087349450549452 0.368921849609375 0 0.3407011240234375 0
0 0.336767326171875 0.11008770695970696 0.335228013671875 0.12753750622710622 0.3355700830078125 0.15037621465201464 0.3583176982421875 0.1719318498168498 0.3779866889648438 0.16269372087912087 0.3844860073242187 0.13215657142857143 0.382091521484375 0.10264588058608058 0.37165840478515627 0.09315113626373626 0.36430391259765627 0.0913548336996337 0.3627646005859375 0.10854801831501831 0.34600319970703125 0.11188400952380953 0.336767326171875 0.11008770695970696
0 0.4272446826171875 0.18835519047619045 0.43186261962890626 0.18732873186813187 0.4345991748046875 0.15576512380952381 0.43579641796875 0.12907719487179486 0.4250212314453125 0.11522000073260075 0.408601900390625 0.12035229523809524 0.3957742978515625 0.12240521245421244 0.4009053388671875 0.14036824175824178 0.3875646323242187 0.1455005355311355 0.3867094584960937 0.15319897655677656 0.3976556796875 0.15602173846153847 0.38824877099609373 0.16833924395604394 0.3949191240234375 0.17963029084249085 0.4067205185546875 0.18296628205128204 0.4214295029296875 0.17578107032967033 0.4272446826171875 0.18835519047619045
0 0.43921711181640627 0.11034432161172161 0.4528998876953125 0.1064951010989011 0.46008334521484373 0.07929394285714286 0.46042541455078123 0.055428775824175824 0.4486240205078125 0.03977527838827839 0.42775778662109376 0.034129755311355314 0.41971915576171875 0.040545123076923074 0.4198901904296875 0.03977527838827839 0.41065431689453125 0.05619861978021978 0.4096281083984375 0.06902935457875459 0.4077467265625 0.09828343076923077 0.41937708642578125 0.11368031282051283 0.4339150361328125 0.11265385421245422 0.4352833134765625 0.12959042417582417 0.43665159130859377 0.13651902124542126 0.440927458984375 0.13651902124542126 0.440927458984375 0.1198390652014652 0.43921711181640627 0.11034432161172161
0 0.42450812744140626 0 0.413048802734375 0.013343964835164835 0.41817984375 0.031050378754578754 0.42844192578125 0.03387314065934066 0.4465716040039063 0.03746574652014652 0.46042541455078123 0.05568539047619048 0.46076748388671873 0.08006378681318682 0.45751782470703123 0.10187603663003662 0.475989572265625 0.10495541318681319 0.4910406259765625 0.07775425421245422 0.487790966796875 0.03182022271062271 0.47735785009765624 0.031563608058608056 0.4720557744140625 0 0.42450812744140626 0
0 0.4390460771484375 0.1742413824175824 0.458372998046875 0.1709053912087912 0.47393715625 0.1524291326007326 0.48060750927734375 0.13420948864468865 0.470174392578125 0.11085755091575092 0.46641162939453124 0.1059818717948718 0.455465408203125 0.1036723391941392 0.4491371245117188 0.11522000073260075 0.440927458984375 0.11701630402930403 0.44178263232421877 0.1357491772893773 0.4371646953125 0.13882855311355313 0.4371646953125 0.1519159032967033 0.434941244140625 0.15833127106227107 0.4390460771484375 0.1742413824175824
0 0.46897714990234374 0.15884450036630038 0.46367507373046873 0.17578107032967033 0.47410819091796874 0.19477055824175823 0.4829164780273438 0.20131423296703296 0.49275097314453126 0.17860383223443224 0.483344064453125 0.14857991208791207 0.479068197265625 0.15448205054945055 0.46897714990234374 0.15884450036630038
0 0.42125846826171875 0.17526784102564102 0.41219362890625 0.18065674945054946 0.40757569189453124 0.19400071428571428 0.4015894775390625 0.19117795238095237 0.3822625561523437 0.2129902021978022 0.385170146484375 0.2584110043956044 0.4060363798828125 0.28586877728937726 0.43220468896484376 0.28073648351648356 0.4503343671875 0.2576411604395604 0.45939920654296873 0.21658280805860808 0.44178263232421877 0.19117795238095237 0.4339150361328125 0.18347951135531135 0.42775778662109376 0.18732873186813187 0.42125846826171875 0.17526784102564102
0 0.44649741650390623 0.2729966945054945 0.44096719482421876 0.2716364717948718 0.43561829150390624 0.2807499641025641 0.42555510107421873 0.28972743369963366 0.425283123046875 0.30536999487179484 0.4364342260742187 0.32114857802197805 0.44586280078125 0.3284257692307692 0.45900841015625 0.3065941956043956 0.4590990693359375 0.28959141172161174 0.44649741650390623 0.2729966945054945
0 0.4839397377929687 0.2598025347985348 0.4763243505859375 0.24579224102564104 0.46299742236328123 0.23939919413919414 0.45746720068359376 0.24075941684981683 0.4527529130859375 0.2534094879120879 0.44749466943359373 0.26660364835164835 0.44885456005859375 0.2762612293040293 0.4588270913085937 0.28972743369963366 0.46109357568359377 0.297752747985348 0.47197270068359376 0.2899994783882784 0.4828518251953125 0.28156609743589744 0.4839397377929687 0.2598025347985348
0 0.505065552734375 0.3473833340659341 0.517729126953125 0.33788333406593407 0.5213171396484375 0.34580000073260075 0.53588025 0.3442166673992674 0.5341917734375 0.33313333406593404 0.5479106455078125 0.3299666673992674 0.5386240244140625 0.3014666673992674 0.5483327646484375 0.29481666739926743 0.544744751953125 0.27993333406593407 0.5356691904296875 0.2755000007326007 0.51308581640625 0.24225000073260072 0.502532837890625 0.25333333406593406 0.4902913828125 0.24415000073260074 0.4837485361328125 0.26156666739926737 0.48438171484375 0.2827833340659341 0.4706628427734375 0.3014666673992674 0.483959595703125 0.33630000073260075 0.490713501953125 0.3502333340659341 0.497467408203125 0.3451666673992674 0.505065552734375 0.3473833340659341
0 0.5356295205078125 0.2754423282051282 0.5449411020507813 0.27992835897435897 0.5489561879882813 0.28415804615384616 0.5555340942382813 0.2778776021978022 0.5608305903320312 0.2505768967032967 0.5544235385742188 0.23045384175824177 0.5351300087890625 0.22443381465201465 0.5258053745117187 0.2322482542124542 0.5188003315429688 0.2509614139194139 0.5356295205078125 0.2754423282051282
0 0.5642476845703125 0.2798001868131868 0.573302984375 0.28979762857142854 0.5832979848632812 0.2859524586080586 0.5932929858398438 0.280184704029304 0.6009814477539063 0.25147410329670333 0.5956849516601562 0.23609342417582416 0.5898758916015625 0.22789039487179485 0.5828708481445313 0.2277622227106227 0.5804788823242187 0.22622415457875458 0.579880890625 0.21968736630036628 0.5753532407226563 0.2159703684981685 0.5709110185546875 0.22673684395604396 0.56057430859375 0.23237642637362638 0.5601471713867188 0.24609086520146523 0.5593783251953125 0.2608306827838828 0.5642476845703125 0.2798001868131868
0 0.5417802900390625 0.17008467619047618 0.5400717431640625 0.17880039413919413 0.538021486328125 0.17354532893772895 0.5305038793945313 0.1731608117216117 0.5284536225585937 0.18469632161172161 0.5374234951171875 0.20212775750915749 0.53451896484375 0.21994371062271062 0.5416948627929687 0.22468608717948718 0.5529712739257813 0.2282749120879121 0.5586094790039062 0.23250459853479855 0.5683481977539062 0.22686501611721613 0.5752678134765625 0.21622671355311357 0.580393455078125 0.21776478168498167 0.5867150791015625 0.2099462695970696 0.5806497368164063 0.2026404468864469 0.5848356772460938 0.19520645201465203 0.5724487109375 0.1904640761904762 0.57859948046875 0.18649073406593408 0.5839814038085938 0.1664958512820513 0.5732175571289062 0.17008467619047618 0.574669822265625 0.14906441465201464 0.5651873857421875 0.15329410183150183 0.5651873857421875 0.15380679047619047 0.5652728129882812 0.1586773391941392 0.5626245649414062 0.15406313553113551 0.5590366162109375 0.16047175164835165 0.5573280688476563 0.15303775677655676 0.5511772993164062 0.14778269157509158 0.5462225126953125 0.14675731282051283 0.5397300336914063 0.15637023736263736 0.5417802900390625 0.17008467619047618
0 0.5257683330078124 0.2380670498168498 0.530065716796875 0.20111706007326008 0.5128761831054688 0.18351001758241758 0.5079176635742187 0.18202209816849815 0.498827044921875 0.18499793626373628 0.490066994140625 0.19615732967032967 0.480976375 0.21401235824175824 0.48366223974609374 0.23211537362637363 0.49816590869140626 0.2494744293040293 0.51386788671875 0.24327476630036632 0.51882640625 0.2492264424908425 0.5257683330078124 0.2380670498168498
0 0.5408091752929688 0.15548754212454213 0.54841223828125 0.14656002783882785 0.5604779682617187 0.15970331282051284 0.5613043881835937 0.14333620293040295 0.5591556967773438 0.12969694505494506 0.5477511020507813 0.10886607765567766 0.5348589521484375 0.12250533626373626 0.528908728515625 0.11804157875457875 0.5186611220703125 0.14110432454212454 0.5198181098632813 0.15251170402930403 0.5247766293945313 0.1599512989010989 0.514694306640625 0.16267915091575091 0.5193222578125 0.17904626007326008 0.528412876953125 0.1745825032967033 0.5370076435546876 0.1740865304029304 0.5401480390625 0.1770623684981685 0.5414703110351563 0.1716066652014652 0.5408091752929688 0.15548754212454213
0 0.5125456147460937 0.12994493113553113 0.5140331708984375 0.10266641538461538 0.5014715883789063 0.08729125128205129 0.4865960302734375 0.0858033326007326 0.48378620263671873 0.09274695457875458 0.4760178559570313 0.10365836117216116 0.47370388037109373 0.11655366007326007 0.47552200390625 0.12151338974358974 0.4831250668945313 0.13614459413919414 0.48560432666015624 0.1502798249084249 0.49816590869140626 0.13614459413919414 0.5077523793945312 0.13589660732600733 0.5125456147460937 0.12994493113553113
0 0.5198181098632813 0.18028619267399268 0.5148595908203125 0.16243116410256409 0.5219668017578125 0.1601992857142857 0.5211403818359375 0.1502798249084249 0.5110580590820313 0.13564862124542124 0.500479884765625 0.13515264835164834 0.48593489453125 0.14755197362637362 0.4874224501953125 0.16044727179487178 0.4882488701171875 0.1770623684981685 0.48924057421875 0.18995766666666666 0.4961825009765625 0.188469747985348 0.5052731201171875 0.18326203076923075 0.5145290224609375 0.18474995018315019 0.5198181098632813 0.18028619267399268
0 0.614592546875 0 0.5627353388671875 0.0006926241758241758 0.5613504282226562 0.02493447838827839 0.5665823129882812 0.04594408498168498 0.571968076171875 0.04917633186813187 0.5635047338867187 0.08057530476190476 0.5688904970703125 0.0858854249084249 0.5768922026367187 0.0784974315018315 0.5810469345703125 0.05079245567765568 0.5936650087890625 0.049638082051282055 0.6073602358398438 0.027243226373626375 0.614592546875 0
0 0.645829974609375 0.0283976 0.6296726845703124 0.0332459706959707 0.6295188051757813 0.03301509597069597 0.626748984375 0.06233619560439561 0.6250563159179687 0.0833458021978022 0.626748984375 0.10712590622710623 0.6424446376953125 0.11359040073260072 0.6562937436523437 0.09766003956043957 0.6647570859375 0.06695369157509158 0.6570631381835937 0.024703603663003663 0.645829974609375 0.0283976
0 0.6526006484375 0.12651938974358976 0.6632182963867187 0.12744288864468864 0.6622950229492187 0.13552350695970697 0.6673730283203125 0.1431423750915751 0.6718355180664063 0.1553787391941392 0.6769135234375 0.14775987106227106 0.6778367973632813 0.1385248791208791 0.6852229873046874 0.12975163663003664 0.6852229873046874 0.12097839413919413 0.6969177875976562 0.12028576996336997 0.7019957934570312 0.10550978315018317 0.7092281040039062 0.08865592234432235 0.7175375678710938 0.07018593846153846 0.7127673203125 0.05725695018315018 0.7161526572265625 0.037401717216117215 0.7098436201171875 0.020547857142857142 0.7019957934570312 0.021933106227106227 0.7018419145507813 0.02170223076923077 0.6912242666015626 0.02239485567765568 0.6802988608398437 0.028859350183150185 0.6652187231445312 0.05679520073260073 0.6664497548828126 0.0810370542124542 0.6529084067382812 0.09719829010989012 0.6559859858398438 0.10712590622710623 0.6504463432617188 0.11728439780219779 0.6526006484375 0.12651938974358976
0 0.7817424692382813 0 0.7541087822265625 0.029822575091575088 0.7596839995117187 0.07528381758241759 0.7538663813476563 0.0941956945054945 0.7608960034179687 0.09528676410256409 0.7751976489257812 0.06728263882783883 0.7819848701171875 0.05600825054945055 0.7880448891601562 0.05382611135531135 0.7941049086914063 0.06328204981684982 0.8285258173828125 0.04255172307692307 0.8408882563476563 0.014911287179487179 0.8408882563476563 0 0.7817424692382813 0
0 0.1168371689453125 0.3276846358974359 0.1078683408203125 0.3247751164835165 0.10253552392578125 0.31677393772893775 0.09550590185546876 0.3222292871794872 0.0850826689453125 0.3196834571428571 0.0700538212890625 0.3345947450549451 0.06956901953125 0.3687815992673993 0.09186989013671874 0.40296845347985344 0.12459399365234375 0.4018773838827839 0.129926810546875 0.3804196776556777 0.123624390625 0.36478100952380954 0.1645901201171875 0.37532801831501833 0.16822613134765624 0.36587207985347986 0.1216851845703125 0.3469602029304029 0.1168371689453125 0.3276846358974359
0 0.22373590673828125 0.32041083736263737 0.1885877958984375 0.31677393772893775 0.17016533740234374 0.3065906197802198 0.1558636923828125 0.30331741025641024 0.14035004345703125 0.3131370380952381 0.138895638671875 0.31277334871794876 0.1396228408203125 0.3135007282051282 0.14180444775390624 0.33859533406593406 0.153924486328125 0.35023341245421247 0.1585301005859375 0.36041673040293043 0.16555972314453124 0.36041673040293043 0.16871093310546875 0.351324482051282 0.176710158203125 0.360053041025641 0.18446698291015626 0.3495060322344322 0.18786059326171875 0.32986677582417584 0.22688711669921874 0.332048915018315 0.22373590673828125 0.32041083736263737
0 0.1645901201171875 0.3022263399267399 0.165317322265625 0.2949525413919414 0.16362051708984374 0.2924067120879121 0.13332042138671876 0.28586029304029303 0.12144278369140625 0.25785616776556775 0.1168371689453125 0.2509460586080586 0.11344355859375 0.22439669304029305 0.10689873779296875 0.21748658388278388 0.08362826416015624 0.24003536043956042 0.068114615234375 0.2774954241758242 0.0799922529296875 0.3095001391941392 0.09259709228515625 0.3222292871794872 0.10180832177734375 0.32041083736263737 0.10641393603515625 0.3233203567765568 0.1122315546875 0.31240965860805864 0.12532119580078124 0.30622692967032966 0.12483639453125 0.2916793318681319 0.1645901201171875 0.3022263399267399
0 0.14471325732421875 0.24549070989010988 0.15877250146484376 0.24258118974358978 0.16555972314453124 0.2549466476190476 0.2050710478515625 0.2767680446886447 0.2026470400390625 0.26585734652014653 0.1762253564453125 0.24949129890109892 0.16143891015625 0.22039610402930404 0.15901490234375 0.2014842271062271 0.1363504306640625 0.19493780805860805 0.12532119580078124 0.21166754505494506 0.12483639453125 0.21057647545787547 0.1212003828125 0.22148717362637363 0.12071558154296876 0.23094311208791207 0.11707956982421874 0.23712584102564105 0.11974597802734376 0.2644025860805861 0.1318660166015625 0.2836781531135531 0.1396228408203125 0.27458590476190475 0.1369564326171875 0.2574924776556777 0.14471325732421875 0.24549070989010988
0 0.1597421044921875 0.22148717362637363 0.16434771923828126 0.2313068021978022 0.17646775732421874 0.24039905054945054 0.20216223876953124 0.2480365391941392 0.19707182275390625 0.23348894139194137 0.198283826171875 0.2043937465201465 0.17452855126953126 0.18984614871794872 0.164105318359375 0.20766695604395605 0.1597421044921875 0.22148717362637363
0 0.20482864697265624 0.2891335025641026 0.213312673828125 0.2978620608058608 0.22494791064453126 0.2873150527472527 0.223493505859375 0.25967461684981685 0.22106949853515626 0.23930798021978023 0.20458624609375 0.22621514285714284 0.19464781494140626 0.24730915897435896 0.190527001953125 0.2567650974358974 0.199495830078125 0.2662210358974359 0.2011926357421875 0.2800412542124542 0.20482864697265624 0.2891335025641026
0 0.11659476806640626 0.027276745787545784 0.0913850888671875 0.006910109157509158 0.07781064599609375 0.00362269304029304 0.0625393974609375 0.017093427106227105 0.06156979443359375 0.022912465934065932 0.064236203125 0.05637194065934066 0.07781064599609375 0.08728558534798535 0.09817231005859375 0.0967415238095238 0.1306540126953125 0.11056174212454212 0.14277405078125 0.10001473333333334 0.17186214306640624 0.13238313846153846 0.175498154296875 0.11783554065934067 0.152712482421875 0.09528676410256409 0.1471372646484375 0.0603725304029304 0.11659476806640626 0.027276745787545784
0 0.0610849931640625 0.026185675457875462 0.06011539013671875 0.017457117216117216 0.0790226494140625 0.005091659340659341 0.07465943603515625 0 0.05405537060546875 0.0003636901098901099 0.03781451953125 0 0.033936107421875 0.00472796923076923 0.03248170263671875 0.0301862652014652 0.03490571044921875 0.044006482783882785 0.036602515625 0.0629183597069597 0.04508654248046875 0.0901951054945055 0.0664178095703125 0.08837665567765568 0.07223542822265624 0.07928440659340659 0.07344743212890625 0.06000884029304029 0.0637514013671875 0.054189800732600726 0.0664178095703125 0.04000589377289377 0.0610849931640625 0.026185675457875462
0 0.07175062646484374 0.09892366373626374 0.0707810234375 0.11165281172161173 0.09962671484375 0.1585688139194139 0.12023077978515626 0.17093427179487178 0.13283561962890625 0.16402416263736264 0.15174287939453124 0.16475154285714286 0.13913803955078125 0.14474859633699633 0.13210841748046875 0.12983730842490843 0.10253552392578125 0.11238019120879122 0.09429389794921875 0.09528676410256409 0.0853250693359375 0.08910403516483517 0.07175062646484374 0.09892366373626374
0 0 0.5232217912087912 0.005309521484375 0.5267269311355312 0.02952093896484375 0.5366050527472528 0.04268855224609375 0.5315066673992674 0.04672378857421875 0.5104758278388278 0.06371425732421875 0.4932687772893773 0.0976951943359375 0.4814787611721612 0.0981199560546875 0.46968874505494507 0.06031616357421875 0.4811601120879121 0.04714855029296875 0.46841414871794873 0.02399903662109375 0.46172251868131864 0 0.47414983223443224 0 0.5232217912087912
0 0 0.5800209897435897 0.02633522607421875 0.5652834695970697 0.06668758935546874 0.5429780336996337 0.06753711279296876 0.5302320710622711 0.03907807763671875 0.5346931582417582 0.00891999609375 0.5273642293040293 0 0.5410661391941393 0 0.5800209897435897
0 0.7867011298828125 0.05050299267399267 0.7774668491210938 0.0639108673992674 0.7625728481445313 0.09608976556776556 0.7631686083984375 0.10994456923076924 0.7527428076171875 0.1278217347985348 0.7581046479492187 0.13318488424908426 0.7750838090820312 0.10681606520146521 0.7929566103515625 0.10011212747252747 0.8114251713867188 0.08849196996336996 0.816191251953125 0.06078236336996337 0.7977226904296875 0.0639108673992674 0.7867011298828125 0.05050299267399267
0 0.18365222021484376 0.2693733802197802 0.16631545068359374 0.2543836996336996 0.153680177734375 0.23807140000000002 0.13928184375 0.24997496996336993 0.136343408203125 0.2636420322344322 0.13928184375 0.2852448073260073 0.153386333984375 0.29185790183150184 0.17601228759765625 0.29229877435897433 0.2042212685546875 0.3112563120879121 0.2077473916015625 0.30155710695970694 0.18659065576171874 0.2839221882783883 0.18365222021484376 0.2693733802197802