0 0.5781792631835937 0.42721346886446887 0.5544509760742188 0.4533209582417582 0.5378411752929687 0.4723082234432235 0.54021400390625 0.5482572849816849 0.6034185678710937 0.5565410358974359 0.6177264086914063 0.4509475501831502 0.5781792631835937 0.42721346886446887
0 0.4737747998046875 0.32159680586080586 0.4674472568359375 0.3785586014652014 0.48010234326171874 0.40229268278388275 0.5038306303710938 0.4141597238095238 0.5212313740234376 0.4058527956043956 0.547332490234375 0.3797453054945055 0.5378411752929687 0.3299037340659341 0.49671214404296876 0.3061696527472528 0.4737747998046875 0.32159680586080586
0 0.5615143383789063 0.4253103216117216 0.5543597177734375 0.403841219047619 0.533629046875 0.40457306813186816 0.52968861328125 0.399769493040293 0.5200668828125 0.4093935728937729 0.51118528515625 0.42494016483516484 0.507484619140625 0.4256804783882784 0.5020569765625 0.43900612820512824 0.5151326616210937 0.4456689531135531 0.5237675483398437 0.47269040952380953 0.5405438994140624 0.4663977413919414 0.5575669614257812 0.4567736608058608 0.5659551372070313 0.44307785421245427 0.5615143383789063 0.4253103216117216
0 0.4825668037109375 0.4452987963369963 0.471464806640625 0.42864173406593403 0.47171151806640627 0.42864173406593403 0.4643101865234375 0.42753126300366306 0.4598693876953125 0.43345377435897436 0.4480272573242188 0.44418832527472524 0.4467937021484375 0.4660275846153846 0.4554285888671875 0.4830548036630037 0.47047796240234374 0.48934747179487176 0.48380035888671874 0.47046946813186813 0.4825668037109375 0.4452987963369963
0 0.466283875 0.426420791941392 0.46801085205078125 0.40606216043956045 0.461843076171875 0.3968082373626374 0.462336498046875 0.3820019597069597 0.45740227734375 0.36534489743589743 0.43988579296875 0.35646113113553113 0.43988579296875 0.3568312879120879 0.4310041953125 0.3668255252747253 0.42755024072265624 0.387924471062271 0.41842193212890627 0.3968082373626374 0.41792851025390626 0.41642655457875455 0.426563396484375 0.42605063516483516 0.4403792153320312 0.44270769743589744 0.45246805615234376 0.43789565714285716 0.466283875 0.426420791941392
0 0.4194087763671875 0.4090234161172161 0.4189153544921875 0.39643808058608054 0.42779695166015624 0.387924471062271 0.43001735107421873 0.37274803663003664 0.426563396484375 0.37274803663003664 0.43125090673828126 0.3549805032967033 0.4280436630859375 0.342395167032967 0.41817522119140627 0.33943391208791207 0.40435940283203126 0.3409145399267399 0.40411269140625 0.3509087772893773 0.3868429184570312 0.34868783516483515 0.3791948759765625 0.357941758974359 0.380921853515625 0.3690464666666667 0.38289554150390626 0.3864438432234432 0.38437580810546873 0.402730747985348 0.399671892578125 0.41198467179487175 0.412747578125 0.4179071824175824 0.4194087763671875 0.4090234161172161
0 0.39794491552734373 0.49452966886446886 0.41176073388671874 0.48601605934065933 0.41151402294921874 0.4678783692307692 0.408060068359375 0.4460391098901099 0.40361926953125 0.4179071824175824 0.3972047822265625 0.407912945054945 0.38610278515625 0.4108742007326008 0.3769744765625 0.407912945054945 0.3735205219726562 0.4167967120879121 0.36685932373046876 0.41272498534798535 0.354030349609375 0.4253103216117216 0.3463823071289063 0.447149580952381 0.34243493017578125 0.47269040952380953 0.35279679443359374 0.5030432783882784 0.37796132080078126 0.5074851619047619 0.39794491552734373 0.49452966886446886
0 0.381661986328125 0.3838527443223443 0.38536265234375 0.33943391208791207 0.3476158623046875 0.32647841904761904 0.34194150830078124 0.3420250102564103 0.33503359912109376 0.3435056380952381 0.327385556640625 0.362013484981685 0.31307631591796875 0.37200772234432233 0.3123361826171875 0.39014541245421247 0.3234381796875 0.4053218468864469 0.3523033720703125 0.4208684380952381 0.37820803173828127 0.4042113758241758 0.381661986328125 0.3838527443223443
0 0.318257248046875 0.403841219047619 0.3088822280273438 0.41272498534798535 0.31258289404296874 0.4245700073260073 0.318257248046875 0.4464092666666667 0.33725399853515625 0.4519616212454212 0.34194150830078124 0.44159722637362636 0.35304350537109375 0.435304558974359 0.354030349609375 0.41975796703296697 0.336760576171875 0.4123548285714285 0.3207243583984375 0.4056920036630037 0.318257248046875 0.403841219047619
0 0.2888986337890625 0.407912945054945 0.2795236137695313 0.3882946278388278 0.25954001904296875 0.387924471062271 0.25509922021484377 0.3931066681318681 0.2513985546875 0.3845930586080586 0.23881629150390624 0.3779302336996337 0.2333886484375 0.38681400000000005 0.23906300244140624 0.4001396498168498 0.23684260302734375 0.41272498534798535 0.2533722431640625 0.4253103216117216 0.2768097924804688 0.43012236190476194 0.2888986337890625 0.407912945054945
0 0.15814177978515626 0.4752815076923077 0.18059248486328125 0.4697291538461538 0.20131621240234376 0.47602182197802195 0.2037833232421875 0.46047523076923075 0.17097075390625 0.42494016483516484 0.1633227119140625 0.4019904344322344 0.148273337890625 0.39162604029304027 0.13519765283203125 0.3890349413919414 0.12409565576171876 0.40050980659340657 0.11299365869140625 0.40828310256410255 0.11348708056640625 0.42605063516483516 0.1050989052734375 0.431602989010989 0.103618638671875 0.447149580952381 0.1144739248046875 0.4626961721611722 0.12878316552734376 0.4782427633699634 0.15814177978515626 0.4752815076923077
0 0.19144777099609375 0.47898307765567766 0.17812537451171875 0.46935899706959705 0.15542795849609375 0.47491135091575093 0.13544436376953126 0.47491135091575093 0.1277963212890625 0.488977315018315 0.1253292109375 0.5004521794871795 0.13470423046875 0.5445008556776556 0.15222071484375 0.5363574029304029 0.17121746533203125 0.5352469318681319 0.192804681640625 0.5296945780219781 0.20032936865234374 0.5097061032967033 0.2084708330078125 0.5056343765567766 0.2082241220703125 0.49489982564102564 0.19662870263671875 0.49564013992673994 0.19144777099609375 0.47898307765567766
0 0.21685900830078125 0.5034134351648352 0.2087175439453125 0.5063746908424909 0.20551030029296874 0.515628613919414 0.1993425244140625 0.516739084981685 0.19588856982421876 0.5304348915750916 0.19613528076171874 0.5489427384615384 0.2222866513671875 0.56930136996337 0.25115184375 0.5630087025641026 0.26151370751953124 0.5445008556776556 0.255345931640625 0.5219212820512821 0.264967662109375 0.5141479868131869 0.2620071298828125 0.5074851619047619 0.2491781552734375 0.5134076725274725 0.23388207080078124 0.5097061032967033 0.22352020654296875 0.5134076725274725 0.21685900830078125 0.5034134351648352
0 0.25253943115234373 0.47664953186813186 0.24053823583984374 0.4686753626373626 0.2321373994140625 0.47407721978021977 0.2197933134765625 0.46121565641025647 0.21653584619140626 0.4673892065934066 0.21207825927734375 0.4676464380952381 0.204191759765625 0.48642432014652015 0.21156392236328125 0.5016009648351649 0.2239080087890625 0.5129191406593406 0.23350896484375 0.509060671062271 0.24499582275390624 0.5160059157509157 0.2573399091796875 0.50468773992674 0.273284353515625 0.5049449714285714 0.27242712548828124 0.4969708021978022 0.259054365234375 0.4946557208791209 0.25253943115234373 0.47664953186813186
0 0.18190382666015625 0.5988343824175825 0.192019119140625 0.5890595941391941 0.20110573828125 0.600892232967033 0.21550717236328126 0.5666804747252747 0.21550717236328126 0.5587063054945055 0.210192357421875 0.5558767611721612 0.195962369140625 0.5540761428571429 0.18653285888671875 0.5427579670329671 0.174703109375 0.5404428857142857 0.16578793603515626 0.5373561106227106 0.15361529541015626 0.5417290417582418 0.1527580673828125 0.5535616798534798 0.143157111328125 0.5499604424908425 0.139213861328125 0.5533044490842491 0.1416141005859375 0.5666804747252747 0.1488148173828125 0.5808281941391941 0.15961589306640625 0.5895740571428572 0.1671595009765625 0.60037776996337 0.177789130859375 0.593432526007326 0.18190382666015625 0.5988343824175825
0 0.1496720458984375 0.5792848065934065 0.14332855712890624 0.5705389435897436 0.14041398095703125 0.5648798556776558 0.13732795947265625 0.568481093040293 0.137156513671875 0.5687383245421246 0.13716446142578126 0.5687860234432235 0.118811830078125 0.574140180952381 0.11641159130859376 0.5872589758241759 0.1203548408203125 0.5960048388278388 0.13287037255859374 0.6088664014652014 0.133041818359375 0.6163261084249084 0.14401433935546876 0.6201845772893774 0.14692891552734375 0.6116959457875458 0.15961589306640625 0.6057796263736264 0.1628733603515625 0.5936897575091575 0.1568727626953125 0.5857155882783882 0.1496720458984375 0.5792848065934065
0 0.10081003759765625 0.6484800161172161 0.1121254501953125 0.6361329157509157 0.12361230810546875 0.6286732087912088 0.11572580859375 0.619670115018315 0.11255406396484376 0.6011494637362638 0.11195400439453125 0.5879020534798535 0.1061248525390625 0.5718250996336997 0.0968667880859375 0.568481093040293 0.09223775537109374 0.5774841875457875 0.080236560546875 0.5828860439560439 0.07029271337890625 0.5785131128205128 0.059834529296875 0.5818571194139194 0.0574342900390625 0.5908602131868131 0.051776583984375 0.5944614512820513 0.05554838818359375 0.6042362388278388 0.0493763447265625 0.6044934703296704 0.0492048994140625 0.6219851963369963 0.055891279296875 0.6399913846153846 0.07132138720703125 0.6428209289377289 0.0879516142578125 0.6471938600732601 0.10081003759765625 0.6484800161172161
0 0 0.7261638578754579 0.00274313037109375 0.7349097208791209 0.0025716845703125 0.7341380271062271 0.02605973779296875 0.7325946395604396 0.0298315419921875 0.7248777018315019 0.04491875830078125 0.7071287443223443 0.0582915185546875 0.689637019047619 0.0594916376953125 0.6821773120879121 0.11555436279296875 0.6639138923076924 0.11846893896484376 0.654139104029304 0.10886798291015624 0.6525957164835164 0.05812007275390625 0.6706019054945055 0.05109080126953125 0.6556824915750916 0.0330890087890625 0.6402486161172161 0.01817323828125 0.6340750659340659 0.00120011962890625 0.6351039904761905 0 0.6417920036630036 0 0.7261638578754579
0 0.03926105224609375 0.7295078644688645 0.0238309443359375 0.7333663333333333 0.0080579453125 0.7356814146520146 0.00617204296875 0.7433983531135531 0.00034289111328125 0.7619190036630037 0.0046290322265625 0.7770956483516485 0.02263082470703125 0.7840408923076922 0.04251851904296875 0.773494410989011 0.05246236669921875 0.7534303721611721 0.0756075283203125 0.7217909267399267 0.09172341845703125 0.7060998197802197 0.0867514951171875 0.7009551941391942 0.06429211572265625 0.7163890703296704 0.03926105224609375 0.7295078644688645
0 0.0522909208984375 0.9270614754578755 0.05400537744140625 0.9152288373626373 0.05554838818359375 0.9288620945054945 0.05451971435546875 0.9347784131868132 0.0613775400390625 0.9399230388278389 0.06566368115234375 0.9278331692307692 0.0747502998046875 0.9244891626373627 0.0807508974609375 0.9113703684981685 0.07337873486328125 0.9031389677655678 0.08400836474609374 0.9049395868131868 0.08452270166015625 0.9008238864468864 0.08212246240234375 0.89542203003663 0.09000896240234375 0.8838466227106228 0.0939522119140625 0.8658404344322344 0.11298267822265624 0.8486059399267398 0.12978435107421876 0.8331720637362637 0.129955796875 0.8244262007326008 0.12412664501953125 0.8244262007326008 0.08966607080078125 0.8578662652014653 0.0745788544921875 0.8645542783882785 0.0706356044921875 0.8604385780219781 0.05503405126953125 0.8576090344322345 0.05760573583984375 0.8676410534798535 0.0473189970703125 0.8630108908424909 0.03531780224609375 0.8769013787545787 0.03463201953125 0.8900201736263736 0.02725985693359375 0.8938786424908425 0.02640262890625 0.9111131369963369 0.03223178076171875 0.9244891626373627 0.0452616494140625 0.9296337882783884 0.0522909208984375 0.9270614754578755
0 0.12206929736328125 0.8987660366300366 0.11658303662109375 0.8879623230769231 0.12309797119140625 0.8792164600732602 0.12361230810546875 0.8658404344322344 0.12052628662109376 0.8609530402930403 0.1354420576171875 0.8408890021978022 0.13167025341796876 0.8336865267399267 0.11692592822265625 0.8496348652014651 0.1071535263671875 0.8524644087912088 0.10321027685546875 0.8619819655677656 0.09463799462890625 0.8666121282051282 0.09172341845703125 0.8805026168498169 0.08332258203125 0.8913063296703296 0.08349402783203125 0.9026245054945056 0.07903644091796876 0.9105986747252747 0.082293908203125 0.9175439186813187 0.0877801689453125 0.9239747003663005 0.093437875 0.9105986747252747 0.0990955810546875 0.9239747003663005 0.102524494140625 0.9196017684981684 0.10938231982421875 0.9283476315018314 0.1121254501953125 0.9154860681318681 0.11915472119140624 0.9206306937728937 0.12258363427734376 0.9080263619047618 0.118811830078125 0.9069974366300366 0.12206929736328125 0.8987660366300366
0 0.23128017138671875 0.8974798798534799 0.2192789765625 0.8853900102564103 0.22459379150390624 0.8684127472527472 0.218250302734375 0.8583807282051281 0.20899223779296874 0.8424323897435897 0.19767682568359374 0.8640398153846154 0.19270490185546876 0.8877050923076923 0.18361828271484376 0.893621410989011 0.17658901171875 0.9314344065934067 0.190819 0.9553569142857143 0.210192357421875 0.9815945032967033 0.23333751904296876 0.996771147985348 0.25562545263671876 0.9821089655677655 0.27019833203125 0.9406947326007326 0.2605973759765625 0.9301482505494506 0.24602449658203124 0.9257753186813186 0.24499582275390624 0.9031389677655678 0.23128017138671875 0.8974798798534799
0 0.26694086474609374 0.8465480893772894 0.26574074560546873 0.8287991326007326 0.268140984375 0.8167092630036631 0.27705615771484376 0.8082206315018315 0.27842772314453124 0.7974169179487179 0.272084234375 0.7858415113553113 0.27191278857421874 0.7863559736263737 0.25459677880859377 0.7925295245421246 0.2314516171875 0.78352643003663 0.216364400390625 0.8051338564102565 0.20916368359375 0.8408890021978022 0.216364400390625 0.8545222586080585 0.2239080087890625 0.8658404344322344 0.23282318212890624 0.8637825846153846 0.24156691015625 0.8511782527472527 0.25065352880859376 0.8434613142857142 0.26694086474609374 0.8465480893772894
0 0.243795703125 0.8511782527472527 0.23282318212890624 0.8650687406593407 0.22716547607421875 0.8655832029304029 0.2168787373046875 0.8789592293040294 0.219450421875 0.8861617040293042 0.2319659541015625 0.8985088051282052 0.2432813662109375 0.9003094241758242 0.2472246162109375 0.9082835934065935 0.25785424609375 0.9113703684981685 0.27345579931640623 0.9072546681318682 0.28202808154296877 0.8946503362637362 0.26985544091796876 0.864811509157509 0.2737986904296875 0.8545222586080585 0.2878572333984375 0.8295708263736264 0.296429515625 0.811564638095238 0.2942007221679688 0.8074489377289377 0.28511410302734375 0.8174809567765567 0.27088411474609375 0.8432040835164836 0.26316906103515625 0.8506637897435898 0.25219653955078125 0.844233008058608 0.243795703125 0.8511782527472527
0 0.281342298828125 0.8205677318681318 0.29111470068359374 0.8378022271062271 0.30071565673828127 0.8452619333333333 0.30894504736328127 0.8354871450549451 0.305687580078125 0.8264840512820514 0.31803166650390624 0.8131080256410256 0.3248894921875 0.7999892307692308 0.3209462421875 0.7827547362637363 0.32830902880859375 0.7688642483516483 0.3365477958984375 0.7552309912087911 0.3367192412109375 0.7408260402930402 0.32866129638671876 0.747256821978022 0.3266039482421875 0.7575460725274725 0.31923178564453125 0.7506008285714285 0.3103166123046875 0.7534303721611721 0.31048805810546876 0.762947928937729 0.3051732431640625 0.7575460725274725 0.3014014389648437 0.760890079120879 0.29780108056640625 0.769893172893773 0.28717145068359373 0.7652630102564102 0.28614277685546874 0.774780567032967 0.27962784228515625 0.7830119677655678 0.2809994077148438 0.7915005992673992 0.28614277685546874 0.7915005992673992 0.28202808154296877 0.8069344747252748 0.28974313525390627 0.8100212505494505 0.281342298828125 0.8205677318681318
0 0.31700299267578125 0.8156803377289378 0.316831546875 0.8195388073260074 0.3233464814453125 0.8218538886446888 0.3293470786132813 0.8282846703296703 0.33929092578125 0.8318859076923076 0.34237694775390626 0.8146514131868131 0.33346177392578125 0.7956162996336996 0.3338046655273437 0.7902144432234431 0.3370621328125 0.7819830424908425 0.3344904482421875 0.7788962673992674 0.3315758720703125 0.78352643003663 0.3274611767578125 0.7866132051282051 0.32266069873046876 0.7873848989010989 0.3248894921875 0.7966452241758242 0.3223178076171875 0.8048766249084248 0.31700299267578125 0.8156803377289378
0 0.271556181640625 0.9065475157509157 0.27534170166015626 0.9064829743589743 0.2849426572265625 0.8864189355311356 0.2844283203125 0.8769013787545787 0.2809994077148438 0.8642970468864468 0.2931720483398437 0.8344582205128205 0.29008602685546875 0.831114213919414 0.2818566357421875 0.8468053208791209 0.2755131469726563 0.8635253531135532 0.2717413427734375 0.8694416725274725 0.27688471240234375 0.8833321604395605 0.2787706142578125 0.8910490981684982 0.271556181640625 0.9065475157509157
0 0.27808483154296876 0.9268042439560439 0.27585603857421875 0.9100842117216117 0.271227005859375 0.9072546681318682 0.271556181640625 0.9065475157509157 0.2451672685546875 0.9069974366300366 0.24585305078125 0.9244891626373627 0.26265472412109375 0.9337494879120879 0.27036977783203126 0.9319488695970696 0.27808483154296876 0.9268042439560439
0 0.327975513671875 0.8956792608058608 0.3284898505859375 0.883589391941392 0.33089008935546876 0.8684127472527472 0.34031960009765627 0.8552939523809524 0.3499205556640625 0.8414034644688645 0.35883572900390626 0.831114213919414 0.35454958837890627 0.8249406637362638 0.34649164306640623 0.8318859076923076 0.34186261083984376 0.8372877641025641 0.33346177392578125 0.8450047018315018 0.33106153515625 0.8367733018315019 0.3245466005859375 0.8401173084249084 0.3209462421875 0.8547794901098902 0.320774796875 0.8619819655677656 0.319917568359375 0.8720139846153847 0.3173458837890625 0.8676410534798535 0.30465890625 0.8689272095238094 0.297458189453125 0.8792164600732602 0.2888859072265625 0.8877050923076923 0.29042891796875 0.8966438783882783 0.297458189453125 0.9118848307692308 0.3014014389648437 0.9113703684981685 0.30122999365234376 0.9224313128205129 0.3142598623046875 0.9247463941391941 0.32214636181640627 0.9160005311355311 0.327975513671875 0.8956792608058608
0 0.36826523974609376 0.8447474710622711 0.3711798154296875 0.8275129765567766 0.3744372827148438 0.8185098820512821 0.36929391357421876 0.8128507941391941 0.3607216313476562 0.8326576014652015 0.356435490234375 0.8383166893772894 0.3478632080078125 0.8450047018315018 0.3386051435546875 0.8563228776556777 0.33140442626953126 0.8686699787545789 0.3288327416992187 0.8833321604395605 0.33191876318359376 0.8871906293040293 0.3284898505859375 0.89542203003663 0.3295185244140625 0.9018528117216117 0.33689068701171876 0.9157432996336997 0.34666308837890625 0.9072546681318682 0.34957766455078126 0.9178011501831501 0.3620931962890625 0.9149716058608058 0.36329331591796876 0.9077691304029304 0.3701511416015625 0.9116275992673993 0.378723423828125 0.8995377304029304 0.3761517392578125 0.8799881538461538 0.37769475 0.8578662652014653 0.36826523974609376 0.8447474710622711
0 0.388838716796875 0.8810170791208791 0.3926105205078125 0.8606958095238095 0.38969594482421877 0.8599241157509157 0.38352390185546875 0.8884767860805861 0.3826666733398438 0.9116275992673993 0.37803764111328125 0.9131709868131869 0.368608130859375 0.9175439186813187 0.3662078916015625 0.934263950915751 0.37049403271484377 0.9532990644688644 0.3763231845703125 0.9628166212454212 0.39518220556640626 0.963073852014652 0.3996397919921875 0.9525273706959707 0.39843967236328126 0.939151345054945 0.3893530537109375 0.9201162315018315 0.3864384775390625 0.9100842117216117 0.388838716796875 0.8810170791208791
0 0.38918160791015627 0.9188300747252748 0.39792533544921876 0.9237174688644688 0.413183998046875 0.9195454996336997 0.42569952978515624 0.8942644893772893 0.42021326904296874 0.8820460043956044 0.4147270087890625 0.850406558974359 0.409240748046875 0.8396028454212454 0.40786918310546877 0.831114213919414 0.40392593310546876 0.8262268197802197 0.39895400927734376 0.8308569824175825 0.3996397919921875 0.8396028454212454 0.39792533544921876 0.8576090344322345 0.391067509765625 0.8696989032967033 0.39021028173828126 0.8871906293040293 0.3794092060546875 0.8933641794871795 0.37958065185546874 0.9039106615384614 0.38506691259765624 0.9077691304029304 0.38918160791015627 0.9188300747252748
0 0.466160701171875 0.9767071091575092 0.4827909287109375 0.9517556769230768 0.48862008056640627 0.9283476315018314 0.488448634765625 0.8969654175824175 0.48124791796875 0.8841038542124542 0.4737043095703125 0.8820460043956044 0.4594743212890625 0.8838466227106228 0.453816615234375 0.8671265904761905 0.44713023486328124 0.8707278285714286 0.4452443330078125 0.8853900102564103 0.433586029296875 0.8864189355311356 0.427413986328125 0.8861617040293042 0.4277568774414062 0.9031389677655678 0.4178130302734375 0.9075118996336996 0.41110521923828125 0.9216596190476191 0.40752629150390624 0.9422381201465201 0.4183273671875 0.9574147648351647 0.415412791015625 0.9653889333333333 0.4222706166992187 0.9725914087912089 0.429642779296875 0.9720769465201464 0.423470736328125 0.9841668161172161 0.4502162563476563 0.9882825164835165 0.466160701171875 0.9767071091575092
0 0.4533022783203125 0.8681555157509158 0.4586170927734375 0.8630108908424909 0.4606744409179688 0.844233008058608 0.4548452890625 0.8254551260073261 0.44713023486328124 0.820310501098901 0.4514163759765625 0.7896999802197803 0.4454157783203125 0.7873848989010989 0.43941518115234374 0.8020470813186814 0.43804361572265627 0.8179954197802198 0.4268996494140625 0.8218538886446888 0.42107049755859377 0.827255745054945 0.4090693022460937 0.8308569824175825 0.4095836391601563 0.8434613142857142 0.4147270087890625 0.8542650278388277 0.41969893212890624 0.8758724534798534 0.42415651904296875 0.8887340168498168 0.42981422509765627 0.8805026168498169 0.4361577138671875 0.8874478608058608 0.4452443330078125 0.8848755479853481 0.44798746337890627 0.8702133663003664 0.4533022783203125 0.8681555157509158
0 0.3975824443359375 0.8155517223443223 0.39569654248046876 0.8059055501831501 0.392953412109375 0.815423106959707 0.39072461865234376 0.8298280578754579 0.38609558642578123 0.8280274388278389 0.3773518583984375 0.831114213919414 0.3744372827148438 0.8434613142857142 0.37563740234375 0.8578662652014653 0.37752330419921876 0.8753579912087912 0.38060932568359374 0.8807598476190477 0.388838716796875 0.8766441472527473 0.3953536508789062 0.8624964278388279 0.4004970205078125 0.8475770146520146 0.39741099853515627 0.8287991326007326 0.3975824443359375 0.8155517223443223
0 0.5059360903320312 0.8961937238095238 0.5112509052734375 0.8900201736263736 0.5181087309570312 0.881788772893773 0.5175943940429687 0.8717567538461539 0.5117652421875 0.8527216402930402 0.5033644057617187 0.8470625523809523 0.4949635693359375 0.8408890021978022 0.49119176513671875 0.8169664945054945 0.4893058627929687 0.7938156805860807 0.482276591796875 0.7940729120879121 0.480390689453125 0.8005036937728937 0.4858769501953125 0.82416896996337 0.48879152587890623 0.8380594578754579 0.47867623291015626 0.8249406637362638 0.47816189599609377 0.8251978945054944 0.47353286376953124 0.8465480893772894 0.4689038315429688 0.8496348652014651 0.4713040703125 0.8630108908424909 0.4752473203125 0.8702133663003664 0.4757616572265625 0.8830749289377289 0.48536261328125 0.8879623230769231 0.49119176513671875 0.9003094241758242 0.4958207973632813 0.8982515736263736 0.500621275390625 0.9044251238095238 0.5059360903320312 0.8961937238095238
0 0.474218646484375 0.8143941816849817 0.465989255859375 0.8082206315018315 0.465989255859375 0.7899572117216117 0.46170311474609377 0.7896999802197803 0.46118877783203127 0.7899572117216117 0.4606744409179688 0.8056483186813187 0.45107348486328125 0.8038476996336995 0.44713023486328124 0.8210821948717949 0.45210215869140624 0.8269985135531136 0.4586170927734375 0.8388311516483516 0.46084588623046874 0.8480914776556776 0.4666750380859375 0.8519499465201466 0.4738757553710938 0.8468053208791209 0.47593310302734376 0.8316286761904762 0.474218646484375 0.8143941816849817
0 0.5688566411132813 0.8864189355311356 0.5649133911132812 0.8781875355311355 0.5561696635742187 0.8938786424908425 0.5450256967773438 0.8910490981684982 0.5376535341796875 0.883589391941392 0.5361105234375 0.8668693597069597 0.5383393168945313 0.8516927150183149 0.5326816103515625 0.8308569824175825 0.5306242626953125 0.8210821948717949 0.52599523046875 0.8226255824175824 0.5287383608398437 0.8324003699633701 0.5242807739257812 0.8426896205128205 0.527023904296875 0.8570945714285714 0.5247951108398438 0.8640398153846154 0.5285669150390625 0.8717567538461539 0.5246236650390625 0.8859044732600733 0.5151941547851563 0.8915635611721612 0.5153656005859375 0.9010811179487179 0.5201660786132812 0.909826980952381 0.5235949912109376 0.9196017684981684 0.5328530561523438 0.9270614754578755 0.53628196875 0.924231931135531 0.5465687075195312 0.9337494879120879 0.561655923828125 0.9224313128205129 0.5683446479492188 0.900566654945055 0.5688566411132813 0.8864189355311356
0 0.5421111206054687 0.8902774043956044 0.5571983374023437 0.8920780234432235 0.5649133911132812 0.8805026168498169 0.5710854340820313 0.8853900102564103 0.571599771484375 0.8655832029304029 0.5741714560546874 0.8686699787545789 0.57880048828125 0.8658404344322344 0.575714466796875 0.8501493274725274 0.5633703803710938 0.8327862168498168 0.5556553266601563 0.8172237252747253 0.5414253383789063 0.822368350915751 0.5415967836914063 0.8215966571428571 0.5383393168945313 0.8275129765567766 0.5369677514648438 0.8210821948717949 0.5321672734375 0.8215966571428571 0.5316529365234375 0.8280274388278389 0.5388536538085937 0.8496348652014651 0.5364534145507812 0.8619819655677656 0.537310642578125 0.8802453853479855 0.5421111206054687 0.8902774043956044
0 0.42021326904296874 0.7493146717948718 0.4100979760742188 0.7482857472527472 0.4066690634765625 0.7372248021978022 0.4022114765625 0.7377392652014652 0.4008399116210937 0.7426266593406593 0.39689666162109377 0.7392826527472527 0.39021028173828126 0.7624334666666668 0.38523835791015626 0.7889282864468864 0.384895466796875 0.808477863003663 0.4013542485351563 0.8236545069597069 0.42381362744140627 0.8236545069597069 0.43855795263671876 0.813622487912088 0.4413010830078125 0.7881565926739926 0.4351290400390625 0.7711793296703298 0.4263853125 0.7578033032967033 0.42021326904296874 0.7493146717948718
0 0.32763262255859377 0.7755522608058609 0.3365477958984375 0.7796679611721612 0.33294743701171875 0.7907289054945055 0.3346618935546875 0.7999892307692308 0.348206099609375 0.8107929443223444 0.3701511416015625 0.8128507941391941 0.3804378803710938 0.7958735304029304 0.389010162109375 0.7598611538461539 0.37975209765625 0.741597734065934 0.3744372827148438 0.7364531084249084 0.36226464208984377 0.7207620014652015 0.3492347734375 0.7241060080586081 0.34563441455078125 0.7387681904761905 0.3437485126953125 0.7462278967032967 0.34031960009765627 0.7480285157509158 0.33894803466796875 0.7588322285714286 0.327975513671875 0.767835323076923 0.32763262255859377 0.7755522608058609
0 0.38455257568359374 0.6932382564102564 0.3670651201171875 0.6909231750915751 0.36432198974609376 0.677289917948718 0.3569498271484375 0.6829490058608059 0.34443429541015624 0.680376693040293 0.34100538232421873 0.6927237941391942 0.34237694775390626 0.6991545758241758 0.3377479150390625 0.7017268879120879 0.3387765888671875 0.7097010571428571 0.34134827392578126 0.7207620014652015 0.34717742578125 0.7253921641025641 0.361578859375 0.7215336952380953 0.3739229458007812 0.7336235648351648 0.38798148828125 0.7032702754578755 0.38455257568359374 0.6932382564102564
0 0.411298095703125 0.71227336996337 0.425528083984375 0.6994118065934066 0.4426726484375 0.6901514813186813 0.44558722412109375 0.6798622307692307 0.43032856201171876 0.6623705047619047 0.4227849536132812 0.6667434358974359 0.42261350830078126 0.660312654945055 0.4159271279296875 0.6536246417582418 0.41198387841796874 0.6564541853479854 0.40804062841796873 0.6546535670329671 0.4013542485351563 0.667257898901099 0.403068705078125 0.680376693040293 0.4004970205078125 0.6886080937728938 0.3934677490234375 0.689122556043956 0.392953412109375 0.697868419047619 0.40289725927734377 0.7140739890109891 0.411298095703125 0.71227336996337
0 0.4279283232421875 0.6994118065934066 0.42158483447265627 0.7076432073260074 0.40821207421875 0.715360145054945 0.405126052734375 0.73671033992674 0.42021326904296874 0.747256821978022 0.43752927880859377 0.7459706652014652 0.4548452890625 0.7230770827838828 0.4555310712890625 0.7076432073260074 0.4697610595703125 0.6883508622710622 0.466160701171875 0.6844923934065934 0.4509020390625 0.6950388754578755 0.441815419921875 0.6901514813186813 0.4279283232421875 0.6994118065934066
0 0.43444325732421873 0.7688642483516483 0.4413010830078125 0.787899361904762 0.4594743212890625 0.7758094923076924 0.46427479931640625 0.7516297531135532 0.464103353515625 0.7506008285714285 0.46273178857421876 0.7467423589743589 0.456045408203125 0.7323374087912088 0.45055914794921875 0.7292506336996337 0.4382150615234375 0.7441700468864468 0.4320430185546875 0.7498291347985347 0.427585431640625 0.7493146717948718 0.4239850732421875 0.7580605347985347 0.43444325732421873 0.7688642483516483
0 0.5133082529296875 0.7632051604395604 0.51382258984375 0.7683497853479853 0.5014785034179687 0.7755522608058609 0.4997640473632812 0.7956162996336996 0.5110794594726562 0.8128507941391941 0.5261666762695313 0.8267412820512822 0.5417682294921875 0.8195388073260074 0.5518835224609375 0.8092495567765569 0.5439970229492187 0.7814685802197803 0.5295955888671875 0.7680925545787547 0.522909208984375 0.7619190036630037 0.5133082529296875 0.7632051604395604
0 0.537310642578125 0.7174179948717949 0.5175943940429687 0.7063570505494505 0.5131368071289063 0.7115016761904762 0.50576464453125 0.719218613919414 0.49787814501953126 0.7233343142857144 0.4991234501953125 0.7426266593406593 0.5035358510742187 0.7562599157509158 0.5129653618164063 0.762947928937729 0.5307957084960937 0.7614045413919415 0.5395394360351562 0.7418549655677655 0.537310642578125 0.7174179948717949
0 0.5844581943359375 0.815423106959707 0.594059150390625 0.7884138241758242 0.5781147055664062 0.7642340849816849 0.5623417065429688 0.7457134344322344 0.547254490234375 0.7354241838827839 0.5414253383789063 0.7428838901098901 0.533024501953125 0.7616617728937729 0.5400537729492187 0.7758094923076924 0.5475973813476562 0.7902144432234431 0.5482831640625 0.802304312087912 0.5578841196289063 0.8071917062271062 0.5844581943359375 0.815423106959707
0 0.5628560434570312 0.7493146717948718 0.57468579296875 0.7534303721611721 0.5800006079101563 0.7451989714285714 0.5762288037109375 0.7259066271062271 0.5650848369140625 0.6991545758241758 0.55856990234375 0.6947816439560439 0.552397859375 0.6991545758241758 0.5570268916015625 0.7094438263736264 0.5491403920898438 0.7050708945054945 0.5379964252929688 0.7037847384615384 0.5376535341796875 0.7246204703296704 0.5419396752929687 0.7387681904761905 0.5547980981445313 0.7423694278388278 0.5628560434570312 0.7493146717948718
0 0.5882299985351562 0.8262268197802197 0.59903107421875 0.8303425201465201 0.6052031171875 0.8282846703296703 0.6110322690429687 0.8118218688644688 0.61137516015625 0.7956162996336996 0.6034886606445312 0.7953590681318682 0.601088421875 0.7938156805860807 0.5974880629882813 0.7868704366300366 0.5842867485351563 0.7343952586080585 0.5805149448242187 0.7297650959706959 0.5803434990234375 0.73671033992674 0.5938877045898437 0.7907289054945055 0.5896015634765625 0.8010181560439561 0.5863440966796875 0.8138797194139195 0.5882299985351562 0.8262268197802197
0 0.6050316713867188 0.7012124256410256 0.6149755185546875 0.6798622307692307 0.6180615405273437 0.6569686483516484 0.6096607036132813 0.6266153589743589 0.5720791420898438 0.618670043956044 0.5652562827148437 0.6243002776556776 0.565599173828125 0.6402486161172161 0.5546266528320313 0.6227568901098901 0.54639726171875 0.6345895282051282 0.553426533203125 0.6564541853479854 0.5475973813476562 0.6538818732600733 0.5398823276367187 0.6675151296703297 0.5570268916015625 0.6832062373626373 0.5561696635742187 0.6919521003663004 0.5621702607421875 0.697868419047619 0.58291518359375 0.7094438263736264 0.6050316713867188 0.7012124256410256
0 0.5801720532226563 0.7343952586080585 0.5890872265625 0.7493146717948718 0.585829759765625 0.7606328476190476 0.58891578125 0.7745233355311356 0.5962879438476563 0.7902144432234431 0.6091463666992187 0.7976741494505494 0.62766249609375 0.7902144432234431 0.6379492348632813 0.7742661047619048 0.6480645278320313 0.740311578021978 0.6415495932617188 0.7238487765567766 0.6221762358398437 0.6816628498168498 0.6148040732421876 0.6783188432234432 0.6094892583007813 0.6868074747252747 0.6070890190429687 0.6947816439560439 0.601088421875 0.7014696571428571 0.5938877045898437 0.7019841194139194 0.5854868681640625 0.7027558131868132 0.5815436186523437 0.7086721326007326 0.576743140625 0.721019232967033 0.5801720532226563 0.7343952586080585
0 0.636749115234375 0.8478342461538462 0.6472072993164063 0.8326576014652015 0.6496075385742187 0.8056483186813187 0.6334916479492188 0.7933012183150182 0.6293769526367188 0.7889282864468864 0.6233763549804687 0.7881565926739926 0.6117180517578125 0.7953590681318682 0.6120609428710938 0.8043621626373626 0.6076033559570313 0.8192815758241759 0.6048602260742187 0.8324003699633701 0.6046887802734375 0.8486059399267398 0.62354780078125 0.8545222586080585 0.636749115234375 0.8478342461538462
0 0.6607515053710937 0.8187671135531135 0.6554366904296876 0.8087350937728938 0.6487503100585937 0.8097640190476191 0.6465215170898437 0.8349726827838828 0.6401780283203125 0.8419179267399267 0.6405209194335938 0.847319783882784 0.6334916479492188 0.8550367216117216 0.6465215170898437 0.8604385780219781 0.6497789838867187 0.8733001413919415 0.665037646484375 0.8776730725274726 0.6770388413085937 0.867898284981685 0.6751529389648437 0.8542650278388277 0.68235365625 0.841660695970696 0.6828679931640625 0.8269985135531136 0.6715525805664062 0.8169664945054945 0.6607515053710937 0.8187671135531135
0 0.6638375268554687 0.7516297531135532 0.6472072993164063 0.7508580593406593 0.640863810546875 0.7650057787545788 0.6372634521484375 0.7745233355311356 0.6321200830078125 0.7783818051282051 0.636749115234375 0.7907289054945055 0.6501218754882813 0.8059055501831501 0.6609229506835937 0.8128507941391941 0.6713811352539063 0.7951018366300366 0.671209689453125 0.7652630102564102 0.6638375268554687 0.7516297531135532
0 0.7377305986328125 0.9023672739926739 0.7406451743164062 0.8848755479853481 0.736359033203125 0.8691844410256411 0.7212718168945312 0.8612102717948718 0.7154426650390625 0.8488631714285715 0.6909259384765625 0.7987030747252747 0.6866397973632813 0.8002464622710622 0.6943548510742188 0.8185098820512821 0.7109850786132812 0.8558084153846153 0.7030985786132813 0.8640398153846154 0.69675508984375 0.881788772893773 0.71698567578125 0.9031389677655678 0.7377305986328125 0.9023672739926739
0 0.6862969057617188 0.8707278285714286 0.6943548510742188 0.8619819655677656 0.6982981010742187 0.8702133663003664 0.7066989375 0.8624964278388279 0.7120137524414063 0.8560656461538461 0.7032700244140625 0.8334292952380952 0.69658364453125 0.8233972761904763 0.687497025390625 0.7994747684981686 0.683553775390625 0.7812113487179487 0.68046775390625 0.7801824234432235 0.681496427734375 0.792272293040293 0.689554373046875 0.8210821948717949 0.6825251015625 0.8318859076923076 0.677381732421875 0.8321431391941392 0.6780675151367187 0.8403745391941392 0.6821822104492188 0.8447474710622711 0.6754958305664063 0.8493776336996337 0.67635305859375 0.8563228776556777 0.6828679931640625 0.859152421978022 0.687497025390625 0.8555511838827838 0.6828679931640625 0.861724734065934 0.6862969057617188 0.8707278285714286
0 0.7051559267578125 0.8143941816849817 0.6977837641601562 0.8161948007326006 0.703612916015625 0.827255745054945 0.7111565239257812 0.8426896205128205 0.7185286865234375 0.8565801091575092 0.7238435014648438 0.8606958095238095 0.7265866318359375 0.8573518029304028 0.7421881850585937 0.8406317706959707 0.7415024028320313 0.8195388073260074 0.7269295229492188 0.8125935626373627 0.7144139912109375 0.8141369501831502 0.6989838833007812 0.7868704366300366 0.6893829272460937 0.7742661047619048 0.6859540146484375 0.7776101106227107 0.6900687099609375 0.7891855179487179 0.7024127963867187 0.8095067875457874 0.7051559267578125 0.8143941816849817
0 0.7456170981445313 0.9013383487179487 0.76173298828125 0.8992804989010988 0.7725340639648437 0.8758724534798534 0.7649904555664062 0.8586379589743589 0.7459599892578125 0.8594096527472528 0.7457885439453125 0.859152421978022 0.742359630859375 0.8583807282051281 0.7358446962890625 0.8452619333333333 0.7312156640625 0.8480914776556776 0.7401308374023438 0.8637825846153846 0.7380734897460938 0.8689272095238094 0.7380734897460938 0.8769013787545787 0.7387592724609375 0.8882195545787546 0.7456170981445313 0.9013383487179487
0 0.7425310766601563 0.8254551260073261 0.7421881850585937 0.839860076923077 0.7377305986328125 0.8465480893772894 0.7404737290039063 0.8588951904761906 0.7521320327148437 0.8599241157509157 0.7619044340820312 0.8565801091575092 0.762761662109375 0.8390883831501832 0.7516176958007813 0.8172237252747253 0.7425310766601563 0.8254551260073261
0 0.7020699047851563 0.7668063978021977 0.7051559267578125 0.7866132051282051 0.7113279697265625 0.8033332373626373 0.7175000126953125 0.8128507941391941 0.7296726533203125 0.8146514131868131 0.7408166201171875 0.8246834322344322 0.748360228515625 0.8231400446886447 0.7550466083984375 0.8082206315018315 0.7540179345703125 0.790471673992674 0.7555609453125 0.7650057787545788 0.7351589140625 0.7457134344322344 0.7265866318359375 0.7439128153846154 0.7197288061523438 0.7475140527472527 0.7111565239257812 0.7544592974358975 0.705841708984375 0.7500863655677655 0.6981266552734375 0.7408260402930402 0.6940119599609375 0.7433983531135531 0.7001840029296875 0.7552309912087911 0.6958978618164062 0.7650057787545788 0.7020699047851563 0.7668063978021977
0 0.82671088671875 0.8478342461538462 0.8279110063476562 0.8313714454212454 0.8219104086914063 0.8324003699633701 0.8279110063476562 0.8221111194139193 0.8201959526367187 0.8087350937728938 0.8111093334960937 0.8007609245421244 0.8030513881835938 0.7984458432234433 0.8069946381835937 0.7853270490842491 0.7961935625 0.7722082542124542 0.7847067045898437 0.7788962673992674 0.7824779111328125 0.7858415113553113 0.776820205078125 0.7994747684981686 0.7759629765625 0.8087350937728938 0.7685908139648437 0.8079633999999999 0.7649904555664062 0.802304312087912 0.7579611845703125 0.7987030747252747 0.7567610649414063 0.8043621626373626 0.7649904555664062 0.8146514131868131 0.7583040756835937 0.8251978945054944 0.7608757602539062 0.8365160703296703 0.7685908139648437 0.8532361025641025 0.7807634545898438 0.8743290659340659 0.7961935625 0.8799881538461538 0.8035657250976562 0.8841038542124542 0.8117951162109375 0.8745862974358976 0.8196816157226563 0.8640398153846154 0.82671088671875 0.8478342461538462
0 0.8380262993164063 0.8334292952380952 0.827739560546875 0.8313714454212454 0.8268823325195312 0.8468053208791209 0.82242474609375 0.8568373399267399 0.8196816157226563 0.8630108908424909 0.8117951162109375 0.8735573721611722 0.8059659643554687 0.8805026168498169 0.8069946381835937 0.8864189355311356 0.8136810180664062 0.8851327794871795 0.8124808984375 0.8967081860805861 0.8251678759765625 0.8979943428571427 0.8369976254882813 0.8987660366300366 0.845912798828125 0.9028817362637362 0.8525991787109375 0.8900201736263736 0.8597998959960937 0.8766441472527473 0.8572282114257812 0.8540077963369963 0.8503703857421875 0.8414034644688645 0.8380262993164063 0.8334292952380952
0 0.8243106479492187 0.8215966571428571 0.823453419921875 0.8277702073260073 0.8308255825195312 0.8321431391941392 0.835797505859375 0.8316286761904762 0.8491702661132813 0.8403745391941392 0.8572282114257812 0.8547794901098902 0.8573996567382812 0.8609530402930403 0.8577425483398438 0.8756152227106226 0.8594570043945312 0.8864189355311356 0.8697437431640626 0.8833321604395605 0.8807162641601562 0.8805026168498169 0.8829450576171874 0.8658404344322344 0.8831165034179688 0.8509210212454212 0.87523000390625 0.8493776336996337 0.8688865151367188 0.844233008058608 0.86528615625 0.8385739208791209 0.862200134765625 0.8414034644688645 0.8546565263671875 0.8372877641025641 0.8484844833984375 0.8267412820512822 0.83888352734375 0.8277702073260073 0.833740158203125 0.8264840512820514 0.8243106479492187 0.8215966571428571
0 0.84282677734375 0.8097640190476191 0.8544850810546875 0.8324003699633701 0.8625430263671875 0.8388311516483516 0.8766015688476563 0.8522071772893773 0.886545416015625 0.8522071772893773 0.8879169809570312 0.8444902395604396 0.8999181762695313 0.8419179267399267 0.908833349609375 0.8259695882783883 0.901804078125 0.8005036937728937 0.8952891440429688 0.7889282864468864 0.8779731337890625 0.7824975047619047 0.8618572436523437 0.7755522608058609 0.8452270161132812 0.7680925545787547 0.8320257016601562 0.7621762351648351 0.8203673979492188 0.7529159098901099 0.8131666811523437 0.752144216117216 0.813509572265625 0.7606328476190476 0.8243106479492187 0.7691214791208791 0.8380262993164063 0.7902144432234431 0.84282677734375 0.8097640190476191
0 0.862028689453125 0.7639768542124543 0.8932317958984375 0.7871276673992674 0.9023184150390625 0.7992175369963369 0.9062616650390625 0.8298280578754579 0.915005392578125 0.8344582205128205 0.916891294921875 0.8293135948717948 0.93214995703125 0.8295708263736264 0.9408936845703125 0.8110501750915752 0.9347216416015625 0.7907289054945055 0.919120087890625 0.7755522608058609 0.901804078125 0.7794107296703296 0.9023184150390625 0.7799251926739926 0.8976893828125 0.7806968864468864 0.888602763671875 0.7727227172161173 0.8728297646484375 0.762947928937729 0.8443697880859375 0.7464851282051281 0.8339116040039063 0.7351669523809524 0.8289396801757812 0.73671033992674 0.8318542563476562 0.7454562029304029 0.862028689453125 0.7639768542124543
0 0.9338644130859375 0.9833951223443225 0.9441511518554687 0.9782504967032968 0.9467228364257813 0.9587009208791208 0.9350645327148438 0.9327205633699635 0.93214995703125 0.9327205633699635 0.9276923701171875 0.937350726007326 0.9220346640625 0.9450676637362637 0.9146625014648437 0.9445532014652015 0.9014611870117187 0.9324633318681318 0.898803779296875 0.9376079575091575 0.9064759721679687 0.9468682827838828 0.916891294921875 0.9707907904761905 0.9338644130859375 0.9833951223443225
0 0.8934032416992187 0.689122556043956 0.910890697265625 0.6994118065934066 0.9252921313476562 0.7091865948717949 0.9359217612304688 0.7120161384615384 0.9501517495117188 0.7230770827838828 0.9633530639648438 0.741597734065934 0.9648960747070312 0.7529159098901099 0.970896671875 0.7626906974358973 0.9899271381835938 0.7554882219780219 0.9943847250976563 0.7410832717948718 0.9882126821289062 0.7094438263736264 0.97689726953125 0.6983828813186813 0.9604384877929687 0.7073859758241758 0.954437890625 0.7063570505494505 0.9609528247070313 0.6934954879120879 0.95872403125 0.6821773120879121 0.9503231948242188 0.6767754556776556 0.9419223583984375 0.6988973443223443 0.933178630859375 0.7027558131868132 0.8973464916992188 0.6780616117216117 0.892546013671875 0.6801194622710622 0.8934032416992187 0.689122556043956
0 0.9024898608398437 0.7050708945054945 0.8891171005859375 0.7138167575091575 0.8832879487304688 0.7181896886446887 0.8949462524414062 0.7292506336996337 0.9011182954101562 0.7405688087912088 0.9024898608398437 0.7547165282051282 0.8935746875 0.7642340849816849 0.8968321547851562 0.7693787106227106 0.8999181762695313 0.7742661047619048 0.8995752846679688 0.7729799479853481 0.919120087890625 0.7773528798534799 0.9335215219726563 0.7842981238095238 0.945522716796875 0.7902144432234431 0.9631816181640624 0.7758094923076924 0.9671248676757812 0.7562599157509158 0.9614671616210938 0.7392826527472527 0.9482658471679688 0.7212764644688645 0.9330071850585937 0.710987213919414 0.9215203271484375 0.7079004380952381 0.9024898608398437 0.7050708945054945
0 0.88345939453125 0.7140739890109891 0.878487470703125 0.7037847384615384 0.8697437431640626 0.6958105692307692 0.8597998959960937 0.6983828813186813 0.8543136352539062 0.7158746073260074 0.8424838862304688 0.7223053890109891 0.8237963110351563 0.7176752263736264 0.8159098115234374 0.7163890703296704 0.8140239091796875 0.7199903076923078 0.8210531806640625 0.7241060080586081 0.8323685932617187 0.7313084835164835 0.8412837666015625 0.7349097208791209 0.841798103515625 0.7462278967032967 0.8647718193359375 0.7621762351648351 0.88757408984375 0.774780567032967 0.8944319155273438 0.7632051604395604 0.902993482421875 0.752144216117216 0.9023184150390625 0.739797115018315 0.8922031220703125 0.7246204703296704 0.88345939453125 0.7140739890109891
0 0.8584283305664062 0.705328126007326 0.8597998959960937 0.6898942498168498 0.856028091796875 0.6713735992673993 0.8433411142578126 0.6631421985347986 0.8241392021484375 0.667257898901099 0.8183100502929688 0.6695729802197803 0.8164241484375 0.6757465304029304 0.8152240288085938 0.6909231750915751 0.81436680078125 0.703527506959707 0.8198530610351562 0.7107299824175825 0.828768234375 0.7189613831501832 0.8431696684570312 0.721212156043956 0.8522562875976563 0.7151029135531136 0.8584283305664062 0.705328126007326
0 0.774762857421875 0.8100212505494505 0.785049595703125 0.7884138241758242 0.7843638134765625 0.7750377985347985 0.7723626181640625 0.7493146717948718 0.7723626181640625 0.7488002095238095 0.7639617817382812 0.7356814146520146 0.7560752822265625 0.73671033992674 0.7517891411132812 0.7464851282051281 0.7547037172851563 0.7650057787545788 0.7538464887695312 0.7827547362637363 0.7536750434570313 0.7971596871794872 0.764647564453125 0.8041049311355312 0.774762857421875 0.8100212505494505
0 0.7896786284179688 0.774780567032967 0.8004797036132812 0.7701504043956044 0.8006511494140625 0.7632051604395604 0.8068231923828125 0.7570316095238094 0.8081947573242187 0.7418549655677655 0.801336931640625 0.7230770827838828 0.789164291015625 0.7215336952380953 0.7793918896484375 0.7325946395604396 0.7471601088867188 0.7143312197802197 0.744416978515625 0.7151029135531136 0.744416978515625 0.7184469201465201 0.7759629765625 0.7423694278388278 0.7795633354492187 0.7529159098901099 0.7787061069335938 0.767835323076923 0.7896786284179688 0.774780567032967
0 0.666237765625 0.7444272776556776 0.6826965473632812 0.7508580593406593 0.6960693076171875 0.7423694278388278 0.7030985786132813 0.7469995904761905 0.7090991762695312 0.7441700468864468 0.721957599609375 0.7493146717948718 0.7262437407226563 0.7379964959706959 0.7190430234375 0.6996690380952381 0.70892773046875 0.6852640871794872 0.6869826884765625 0.6561969545787546 0.681324982421875 0.6523384857142858 0.679439080078125 0.6621132732600733 0.6706953525390625 0.6592837296703297 0.66812366796875 0.6718880615384616 0.6595513857421875 0.6718880615384616 0.6622945161132813 0.6870647062271062 0.6564653642578125 0.6958105692307692 0.6566368095703125 0.710987213919414 0.666237765625 0.7444272776556776
0 0.7394450551757813 0.7133022952380953 0.7601899775390625 0.7181896886446887 0.7711624990234375 0.7055853567765568 0.7775059877929688 0.6922093311355311 0.7732198466796875 0.6675151296703297 0.7562467280273437 0.6420492351648351 0.7451027612304687 0.6448787787545788 0.7272724145507813 0.6410203098901098 0.7204145888671875 0.6551680293040293 0.7073847197265625 0.6438498534798535 0.6993267749023437 0.652852947985348 0.7154426650390625 0.6734314490842491 0.7161284477539063 0.689122556043956 0.72504362109375 0.7019841194139194 0.7394450551757813 0.7133022952380953
0 0.8138524638671875 0.7037847384615384 0.8183100502929688 0.6816628498168498 0.8109378876953125 0.6639138923076924 0.8069946381835937 0.6608271172161172 0.8030513881835938 0.66339943003663 0.7927646499023437 0.6742031428571429 0.780934900390625 0.6688012864468865 0.7745914116210938 0.6801194622710622 0.7800776723632813 0.6952961062271062 0.7896786284179688 0.7084149010989012 0.8015083774414062 0.7156173765567766 0.8138524638671875 0.7037847384615384
0 0.7404737290039063 0.6315027531135531 0.7391021635742188 0.637161841025641 0.74527420703125 0.6487372476190476 0.7538464887695312 0.6405058476190476 0.75712538671875 0.6474510915750916 0.766704912109375 0.6574831106227106 0.7730484008789062 0.6749748366300367 0.7805920092773437 0.6700874424908425 0.7912216391601562 0.6752320681318681 0.80236560546875 0.6664862051282052 0.8097377685546875 0.6554252608058608 0.80630885546875 0.6307310593406593 0.7939647690429688 0.6152971831501832 0.782820802734375 0.5967765326007326 0.758646966796875 0.5978054571428572 0.758475521484375 0.5970337633699634 0.7572754018554687 0.6032073142857143 0.747503 0.5944614512820513 0.738244935546875 0.6029500827838828 0.7313871098632813 0.6104097897435898 0.7401308374023438 0.6224996586080587 0.7305298818359375 0.6186411897435898 0.7276153056640625 0.6289304402930402 0.7404737290039063 0.6315027531135531
0 0.8033942797851562 0.6276442842490842 0.8028799428710938 0.636647378021978 0.8099092138671875 0.6374190717948718 0.8081947573242187 0.6497661728937729 0.8148811376953125 0.6587692666666667 0.8237963110351563 0.6649428175824176 0.837854853515625 0.6644283545787546 0.8443697880859375 0.6626277362637363 0.85105616796875 0.6711163677655678 0.8556852006835938 0.6623705047619047 0.86305736328125 0.6639138923076924 0.878487470703125 0.659798191941392 0.88345939453125 0.6222424278388278 0.86922940625 0.5911174446886447 0.8472415024414063 0.5764552622710623 0.8078518662109375 0.5728540249084249 0.8064803012695313 0.5867445128205128 0.801165486328125 0.5800565003663003 0.7989366928710937 0.5906029824175825 0.8006511494140625 0.607837476923077 0.7872783891601562 0.5998633076923077 0.782992248046875 0.5998633076923077 0.7823064653320313 0.6057796263736264 0.8015083774414062 0.6201845772893774 0.8033942797851562 0.6276442842490842
0 0.42175460205078125 0.4212870021978022 0.41896572265625 0.41995562124542124 0.4094581796875 0.4212870021978022 0.40666930029296877 0.438404758974359 0.40793697265625 0.45343034505494506 0.4161768432617188 0.46446178827838824 0.425557619140625 0.47035790402930405 0.43265658447265626 0.4642715904761905 0.4405161533203125 0.4564735018315018 0.43861464453125 0.44144791575091574 0.42999447216796877 0.42984588058608064 0.42175460205078125 0.4212870021978022
0 0.45268580810546877 0.4821501362637363 0.4483757216796875 0.47568342783882783 0.44279796337890626 0.47739520366300364 0.43848787744140627 0.4844325032967033 0.4324030498046875 0.48747566007326004 0.43088184326171874 0.4990776952380952 0.4376005068359375 0.5093483487179488 0.4517984375 0.5106797296703296 0.4621933510742188 0.5000286813186813 0.461179212890625 0.4869050681318681 0.45268580810546877 0.4821501362637363
0 0.41947279150390626 0.46617356336996335 0.41871218798828125 0.4728304688644689 0.41883895556640627 0.48386191208791207 0.4303747739257813 0.4903286197802198 0.43633283447265625 0.48538349010989007 0.443051498046875 0.4764442175824176 0.449516626953125 0.4741618498168498 0.44748835107421875 0.4625598146520146 0.440896455078125 0.45590290989010984 0.43430455859375 0.46008725054945054 0.426191455078125 0.4694069172161172 0.41947279150390626 0.46617356336996335
0 0.4348116274414062 0.5639349721611722 0.44203735986328124 0.5704016798534799 0.44647421337890625 0.5791507553113553 0.4540802475585938 0.5709722717948719 0.460418609375 0.5730644417582418 0.4644751611328125 0.5633643802197802 0.47081352294921874 0.5648859582417582 0.4718276611328125 0.548909386080586 0.460418609375 0.5327426161172161 0.45661559228515625 0.5129620974358975 0.44660098046875 0.5194288051282051 0.4469812822265625 0.519619002930403 0.44317826513671876 0.518477819047619 0.44178382568359376 0.5220915677655678 0.435698998046875 0.5209503838827838 0.4302480068359375 0.5289386703296703 0.4259379208984375 0.53806813992674 0.42352934326171876 0.5447250454212453 0.42416317919921875 0.5633643802197802 0.4348116274414062 0.5639349721611722
0 0.9790584868164063 0.6388028996336996 0.9739115673828125 0.6147780761904762 0.956469228515625 0.6010496058608059 0.9453175693359375 0.6019076351648351 0.93959876953125 0.6186392087912087 0.9184392114257812 0.6096298996336996 0.9167235712890625 0.6203552673992674 0.9284471103515625 0.6302226058608059 0.93416591015625 0.6473831941391941 0.9484629091796875 0.6628277238095238 0.9673349477539063 0.6568215179487179 0.9790584868164063 0.6388028996336996
0 0.9095750717773438 0.5457067084249084 0.9172954516601562 0.5208238556776557 0.9307346303710937 0.507953413919414 0.9253017709960938 0.46505194358974355 0.8900358403320312 0.4385960366300366 0.88326859375 0.4487493846153846 0.861823095703125 0.44746233992673995 0.8581058759765625 0.46462292893772894 0.8521011362304688 0.4637648989010989 0.8498136166992187 0.4920798695970696 0.825794658203125 0.5028052373626374 0.820361798828125 0.5208238556776557 0.8400916572265625 0.5131015904761905 0.8423791772460938 0.549567841025641 0.8681137749023438 0.5594351787545787 0.8835545341796875 0.547422767032967 0.9095750717773438 0.5457067084249084
0 0.8169305190429688 0.5208238556776557 0.8349447377929687 0.5019472080586082 0.8420932368164062 0.4766353406593407 0.825794658203125 0.4629068695970696 0.8163586391601563 0.4702001201465202 0.8052069799804688 0.47491928131868133 0.7994881801757813 0.4809254871794872 0.7849052412109375 0.48821873772893776 0.763173802734375 0.4907928256410256 0.7628878627929687 0.5019472080586082 0.7809020815429687 0.5049503113553113 0.793769380859375 0.5169627230769231 0.8169305190429688 0.5208238556776557
0 0.6570900708007813 0.49551198754578757 0.6625229306640625 0.4993731201465202 0.6836824887695313 0.5238269582417583 0.7050565024414063 0.5092404578754579 0.7097030268554687 0.4929378996336996 0.7051279873046875 0.47749336996337 0.6931185083007813 0.46590997289377295 0.67367458984375 0.4676260315018315 0.6593775908203126 0.4826415465201465 0.6485118715820313 0.4856446490842491 0.6479399916992188 0.49679903150183147 0.6570900708007813 0.49551198754578757
0 0.6742464697265625 0.3736718102564103 0.66738391015625 0.3899743692307692 0.6659542104492188 0.4114251047619048 0.6407914921875 0.4328758402930403 0.6407914921875 0.4470333252747252 0.6733886499023437 0.429872736996337 0.689687228515625 0.44016909010989014 0.7039842275390625 0.4328758402930403 0.7128483666992188 0.4144282080586081 0.7065576870117187 0.37753294285714284 0.6742464697265625 0.3736718102564103
0 0.7877646411132813 0.3629464424908425 0.7957709604492188 0.33077033992673993 0.7900521611328125 0.30931960439560435 0.754595603515625 0.30374241318681316 0.7485908642578125 0.33034132527472526 0.7488768041992188 0.3393506336996337 0.7237140859375 0.35050501611721613 0.7257156655273438 0.35994333992673994 0.7360095048828125 0.3535081194139194 0.7543096635742188 0.34964698681318684 0.7574550034179688 0.3560822073260073 0.7657472626953125 0.36938166373626374 0.7766129819335937 0.3801070315018315 0.7877646411132813 0.3629464424908425
0 0.6682417299804687 0.43502091355311356 0.6593775908203126 0.4491783992673993 0.648225931640625 0.46505194358974355 0.648225931640625 0.4783513992673993 0.6625229306640625 0.4809254871794872 0.6719589497070313 0.46676800219780223 0.6828246689453125 0.46805504615384613 0.7008388876953126 0.46633898754578756 0.7016967075195313 0.44488825201465204 0.6682417299804687 0.43502091355311356
0 0.7125624267578125 0.38697126666666665 0.7202828061523437 0.402844810989011 0.737439205078125 0.4084220021978022 0.7600284633789063 0.3882583106227106 0.767176962890625 0.3783909721611722 0.7591706430664062 0.35994333992673994 0.7537377836914062 0.3507195238095238 0.7368673247070312 0.356511221978022 0.7197109262695313 0.3616593985347985 0.7125624267578125 0.38697126666666665
0 0.7431580043945313 0.46119081098901094 0.7199968662109375 0.4384530315018315 0.7125624267578125 0.4315887963369963 0.7022685874023438 0.4410271194139194 0.70341234765625 0.45218150183150185 0.6965497880859375 0.4676260315018315 0.7042701674804688 0.47534829597069594 0.7054139272460938 0.492508884981685 0.722570326171875 0.4959410021978022 0.7400126645507813 0.48693169377289375 0.7431580043945313 0.46119081098901094
0 0.7434905595703125 0.41348479780219777 0.7340008388671875 0.41348479780219777 0.7283844736328124 0.42016796776556775 0.7243174501953125 0.42859457289377295 0.7171517431640625 0.4274322827838828 0.7169580751953125 0.437892895970696 0.7245111181640626 0.4361494600732601 0.7227681083984375 0.44370434798534797 0.7353565131835937 0.445157210989011 0.742522220703125 0.45997641245421245 0.7599523198242187 0.45067809010989013 0.7702167114257813 0.4271417098901099 0.7698293759765625 0.4085450637362637 0.7493005922851562 0.40331475750915746 0.7434905595703125 0.41348479780219777
0 0.7791254287109375 0.3829746761904762 0.7694420400390625 0.37571036117216117 0.7661496879882812 0.37367635311355313 0.7607269907226563 0.37977837728937724 0.7527866123046875 0.3934352893772894 0.7483322534179687 0.39517872454212455 0.749881595703125 0.4015713216117216 0.7589839809570312 0.4021524673992674 0.7727343920898437 0.40941678168498175 0.776414080078125 0.4012807494505495 0.7791254287109375 0.3829746761904762
0 0.7930695078125 0.4681124454212454 0.7971365307617188 0.44661007326007324 0.7899708237304688 0.4358588879120879 0.777963421875 0.4410891941391942 0.7659560205078125 0.45213095311355317 0.7525929443359375 0.4628821384615385 0.7456209047851563 0.46404442930402934 0.7452335693359375 0.4695653084249084 0.7539486186523437 0.4750861875457876 0.7675053623046875 0.49164882564102563 0.787453142578125 0.4840939377289377 0.7930695078125 0.4681124454212454
0 0.8378067622070312 0.3998278864468865 0.8376130942382812 0.3998278864468865 0.813598291015625 0.3899484183150183 0.7857101328125 0.3960504424908425 0.776026744140625 0.42191140293040297 0.7758330766601562 0.4259794197802198 0.7653750170898438 0.42830399999999996 0.7607269907226563 0.4396363311355312 0.7888088168945312 0.43091915384615387 0.7963618598632812 0.4402174769230769 0.8153413012695313 0.44748179120879117 0.8393561044921874 0.44137976703296705 0.8416801176757812 0.42656056483516486 0.8378067622070312 0.3998278864468865
0 0.8505888349609375 0.39750330549450547 0.8484584892578125 0.3829746761904762 0.8540748544921875 0.37454807106227106 0.8405181108398437 0.35566085201465203 0.8277360380859375 0.3635063120879121 0.8256056928710938 0.372514063003663 0.813791958984375 0.36495917509157505 0.8085629291992188 0.3809406681318681 0.8039149028320313 0.3707706271062271 0.7866784716796875 0.3771632241758242 0.7862911357421875 0.3873332652014652 0.7946188500976562 0.3960504424908425 0.8075945903320313 0.39459757948717944 0.8166969755859375 0.39285414432234433 0.82676769921875 0.3879144102564102 0.8376130942382812 0.39663158754578753 0.839937107421875 0.42191140293040297 0.8505888349609375 0.4140659435897436 0.8505888349609375 0.39750330549450547
0 0.8844806943359375 0.4532932432234432 0.8800263354492187 0.4315002989010989 0.8635645751953125 0.42191140293040297 0.843810462890625 0.4239454117216117 0.8405181108398437 0.44370434798534797 0.8292853803710938 0.44777236410256416 0.82715503515625 0.45184038021978024 0.8281233735351563 0.4625915663003663 0.8405181108398437 0.46695015531135536 0.8461344760742188 0.45561782417582414 0.8573672065429687 0.4631727113553114 0.8612405620117187 0.4553272512820513 0.86840626953125 0.45416496117216115 0.8806073388671875 0.4582329772893773 0.8844806943359375 0.4532932432234432
0 0.8693746083984375 0.4294662908424909 0.8961007602539063 0.43004743589743594 0.9110131782226563 0.41145078974358973 0.8968754311523438 0.3722234901098901 0.88351235546875 0.3809406681318681 0.8769276513671875 0.365249747985348 0.8637582431640625 0.36495917509157505 0.8612405620117187 0.3710612 0.8562052001953125 0.36757432893772896 0.853106515625 0.3786160871794872 0.8488458247070313 0.38384639340659343 0.851363505859375 0.4036053296703297 0.8424547885742187 0.41871510476190477 0.8488458247070313 0.4242359838827839 0.862596236328125 0.42162083076923074 0.8693746083984375 0.4294662908424909
0 0.8521381767578124 0.28185541391941393 0.8517508413085938 0.30219549523809525 0.8471028149414063 0.2960934710622711 0.8389687685546875 0.3184675604395604 0.8066262514648438 0.33619248864468865 0.8087565971679688 0.34665310183150183 0.8389687685546875 0.3312527545787546 0.8558178647460938 0.3329961904761905 0.8718922890625 0.3347396256410256 0.870342947265625 0.3199204234432234 0.8821566806640625 0.3161429802197802 0.8864173715820313 0.298418052014652 0.869955611328125 0.280983695970696 0.8521381767578124 0.28185541391941393
0 0.8600785551757812 0.32282614945054944 0.8556241967773438 0.3286376014652015 0.8536875190429688 0.33503019853479854 0.8343207421875 0.3335773355311355 0.8215386694335938 0.34171336776556777 0.8184399853515625 0.34868710989010987 0.8207639985351562 0.358566578021978 0.8616278974609375 0.3390982146520146 0.8800263354492187 0.357985432967033 0.9046221420898437 0.34984940073260073 0.9148865336914063 0.32398843956043955 0.911400513671875 0.30393893113553117 0.8930020756835938 0.3001614871794872 0.8821566806640625 0.3149806893772894 0.8709239501953125 0.3207921413919414 0.8600785551757812 0.32282614945054944
0 0.933865974609375 0.362925167032967 0.9297989516601562 0.38820498241758244 0.93212296484375 0.4152282336996337 0.9569124389648438 0.41435651575091575 0.9747298735351563 0.39256357142857146 0.979377900390625 0.3617628769230769 0.95110240625 0.3399699326007326 0.9336723071289063 0.362925167032967 0.933865974609375 0.362925167032967
0 0.9799589033203125 0.3728046351648352 0.9724058603515625 0.3832652483516483 0.9722121928710937 0.3992467413919414 0.9756982124023438 0.40970735457875457 0.994290318359375 0.4213302578754579 1 0.4160999516483517 0.9993256801757813 0.36437803003663005 0.9911916337890625 0.36321573992673994 0.9799589033203125 0.3728046351648352
0 0.999713015625 0.1981705076923077 1 0.1981705076923077 0.9708565185546875 0.19468363663003663 0.9555567646484375 0.20020451575091575 0.95110240625 0.22286917802197803 0.948972060546875 0.24495269523809524 0.9015234575195312 0.2652927765567766 0.9028791318359375 0.286795147985348 0.95110240625 0.2804025509157509 0.9685325053710937 0.26587392161172163 1 0.2664550666666667 0.999713015625 0.1981705076923077
0 0.9900296274414062 0.36437803003663005 1 0.36699318315018314 1 0.3190487054945055 0.9933219794921875 0.3141089714285714 0.9844132622070313 0.3219544315018315 0.9720185249023438 0.3205015684981685 0.9689198408203125 0.3370642065934066 0.9633034755859375 0.34984940073260073 0.9735678671875 0.35885715091575093 0.9772475546875 0.37571036117216117 0.9900296274414062 0.36437803003663005
0 0.999713015625 0.31585240732600733 1 0.2958028981684982 0.9908042983398437 0.293478317948718 0.9853816010742188 0.2833082769230769 0.9702755151367187 0.2894103010989011 0.9600111235351563 0.30916923736263735 0.9199218955078124 0.33067160952380953 0.91333719140625 0.3329961904761905 0.9137245268554688 0.34171336776556777 0.960398458984375 0.32311672234432237 0.9683388374023437 0.3263130205128205 0.9745362060546875 0.3190487054945055 0.9846069296875 0.32166385934065933 0.992353640625 0.3141089714285714 0.999713015625 0.31585240732600733
0 0.983887798828125 0.10032103956043956 0.9751053212890625 0.07367326373626373 0.95699622265625 0.07367326373626373 0.9343598491210937 0.07367326373626373 0.9152059946289063 0.0815108446886447 0.9117508608398438 0.10587548498168499 0.892221369140625 0.12592380512820514 0.8803808041992187 0.14786903223443223 0.8814255600585937 0.15413909743589743 0.8974451474609375 0.15727413040293042 0.9211262768554688 0.146824021978022 0.9315738334960938 0.1515265706959707 0.9514241918945312 0.1525715816849817 0.9660507719726562 0.14212147326007327 0.9754535732421875 0.1227887728937729 0.9865976337890625 0.11390618021978022 0.983887798828125 0.10032103956043956
0 0.924520408203125 0 0.9153968515625 0.023422846886446885 0.91336939453125 0.06053437142857143 0.9147886142578125 0.07087692747252747 0.9247231538085937 0.079394326007326 0.9393208447265625 0.07543981978021978 0.9524993154296875 0.07118112014652014 0.956959720703125 0.06114275677655678 0.965069548828125 0.062359528205128203 0.9804782221679688 0.030723474725274723 0.98858805078125 0 0.924520408203125 0
0 0.9186407827148437 0.05201697216117217 0.9060705493164063 0.030723474725274723 0.8805245903320312 0.02737735384615385 0.8774834047851563 0.0407618380952381 0.867751611328125 0.03528636703296704 0.8630884599609375 0.04654150183150183 0.8679498032226562 0.07239789157509158 0.8764696762695312 0.08669495384615385 0.8847822504882813 0.09703750989010988 0.900190923828125 0.09667628131868132 0.9149913603515625 0.0876075326007326 0.9186407827148437 0.05201697216117217
0 0.837137009765625 0.09551654578754579 0.8488962607421875 0.10829264468864468 0.8588308002929688 0.10190459487179487 0.8631898330078125 0.0702685413919414 0.8553841235351562 0.034677981684981686 0.8466660581054688 0.03619894578754579 0.8365287729492188 0.049887622710622706 0.8286216904296875 0.0407618380952381 0.81382125390625 0.03589475311355311 0.8077388828125 0.05019181538461538 0.8132130170898437 0.06266372087912088 0.8247695219726563 0.07239789157509158 0.8314601303710938 0.07848174798534797 0.837137009765625 0.09551654578754579
0 0.804900443359375 0.09734170256410256 0.8083471201171875 0.10920522271062272 0.8174706767578125 0.11924358608058608 0.8316628759765625 0.12046035750915751 0.83815073828125 0.10646748717948719 0.8367315185546875 0.09855847399267399 0.8355150444335937 0.07817755531135531 0.8257832504882813 0.06966015604395605 0.8095635942382813 0.05353793626373626 0.7998318002929687 0.0604202989010989 0.7933439379882813 0.07756916923076923 0.7870588212890625 0.09369138901098902 0.7923302094726562 0.09612493113553114 0.804900443359375 0.09734170256410256
0 0.8061169174804688 0.03924087399267399 0.8215255908203125 0.033765402930402935 0.8247695219726563 0.015209641025641025 0.8197008793945313 0.0021293494505494506 0.8146322368164063 0.000304192673992674 0.7967906147460937 0 0.7931411923828126 0.004258699633699634 0.7931411923828126 0.018859954578754577 0.788478041015625 0.03437378901098901 0.7858423471679687 0.04441215164835165 0.7901000068359375 0.04471634505494505 0.7978043432617188 0.03559056043956044 0.8061169174804688 0.03924087399267399
0 0.8121992885742187 0.1499670608058608 0.808955357421875 0.14114546886446888 0.8192953881835937 0.132932263003663 0.8194854624023438 0.12076455018315019 0.8085498657226563 0.10798845128205128 0.8063196630859375 0.09795008864468865 0.80165651171875 0.09308300293040293 0.7933439379882813 0.09916685934065934 0.7858423471679687 0.09064946080586081 0.7795572299804687 0.10525071648351648 0.770230927734375 0.11528907912087913 0.7675952338867188 0.1438832043956044 0.768203470703125 0.14601255384615386 0.7680007250976563 0.15848446007326009 0.772258384765625 0.16152638827838828 0.7769215361328125 0.16487250915750915 0.7840176357421875 0.1624389663003663 0.7878698041992187 0.1654808945054945 0.7990208178710938 0.17278152234432234 0.808955357421875 0.16213477362637363 0.8121992885742187 0.1499670608058608
0 0.7617156083984375 0.09582073846153846 0.7671897421875 0.10342555897435897 0.7789489931640625 0.0967333172161172 0.7909109897460938 0.08639076117216117 0.7951686494140625 0.0644888783882784 0.7927357006835938 0.047758273260073265 0.779354484375 0.03802410256410257 0.7726638764648438 0.03315701758241758 0.7637430654296875 0.0325486315018315 0.7609046254882813 0.0547547076923077 0.7584716772460938 0.06509726373626373 0.7568497114257813 0.07878594065934066 0.7493481201171875 0.08730333992673993 0.749956357421875 0.09277881025641026 0.7554304912109375 0.09156203882783884 0.7617156083984375 0.09582073846153846
0 0.6978507114257813 0.12867356336996336 0.6974452202148438 0.132932263003663 0.7017028798828125 0.13566999853479852 0.7136648764648438 0.12350228571428572 0.7233966704101562 0.10403394505494507 0.7313037529296875 0.0876075326007326 0.7471179174804687 0.08882430402930404 0.7574579487304688 0.08334883296703297 0.7594854057617187 0.057188250549450544 0.7471179174804687 0.028594125274725272 0.7430630034179687 0.02889831794871795 0.733736701171875 0.03346121025641025 0.7227884331054687 0.03285282490842491 0.7229911787109375 0.05019181538461538 0.7167060620117187 0.04927923736263736 0.7148813505859375 0.062055335531135535 0.7225856875 0.08973688205128205 0.7148813505859375 0.10738006593406593 0.6978507114257813 0.12867356336996336
0 0.7663787592773438 0.10068782344322343 0.7590799140625 0.09125784615384615 0.7430630034179687 0.08639076117216117 0.7323174814453125 0.08547818241758241 0.7278570756835937 0.09916685934065934 0.7302900244140625 0.12715259926739927 0.7183280278320312 0.1499670608058608 0.6994726772460937 0.16821863003663004 0.6978507114257813 0.18038634285714286 0.7055550483398437 0.18038634285714286 0.7122456567382812 0.1691312087912088 0.7233966704101562 0.15574672454212454 0.733736701171875 0.14175385494505494 0.7428602578125 0.14692513260073262 0.7558359829101563 0.15422576043956043 0.762121099609375 0.14722932527472526 0.7704336733398438 0.13232387692307693 0.7677979794921875 0.11498488644688645 0.7663787592773438 0.10068782344322343
0 0.7254241274414063 0.19955049084249082 0.7250186357421875 0.2098930468864469 0.7321147353515625 0.21688948131868133 0.7329257182617187 0.2220607597069597 0.73677788671875 0.22266914505494503 0.7477261547851562 0.23483685787545786 0.7657705224609375 0.23666201465201467 0.7777325190429687 0.2047217684981685 0.7797599760742188 0.18008215018315019 0.7740830961914063 0.15757188131868133 0.7503618486328125 0.1484460967032967 0.733736701171875 0.14327481904761905 0.7203554848632813 0.1630473523809524 0.7160978251953125 0.18586181391941392 0.7254241274414063 0.19955049084249082
0 0.6682498388671875 0.2652561399267399 0.6682498388671875 0.2768154673992674 0.6751431928710937 0.27103580366300367 0.6877134262695312 0.2573471267399267 0.7067715224609376 0.27133999633699635 0.7290735498046875 0.2561303553113553 0.7319119897460937 0.21110981758241756 0.7213692133789062 0.18677439194139195 0.7100154536132812 0.1919456703296703 0.7059605395507812 0.19559598388278387 0.7008918969726563 0.1876869706959707 0.6917683403320313 0.18221149963369962 0.6838612583007813 0.19650856263736266 0.6828475297851563 0.2080678893772894 0.672545513671875 0.20563434725274723 0.6676416020507813 0.21171820366300365 0.6698718046875 0.22327753040293039 0.678995361328125 0.2247984945054945 0.6757514301757812 0.23605362930402932 0.6785898696289062 0.24943811355311354 0.6682498388671875 0.2652561399267399
0 0.662572958984375 0.09429977435897435 0.658518044921875 0.06296791428571429 0.6508137084960938 0.053233743589743594 0.6349995434570312 0.057492443223443226 0.620199107421875 0.08365302564102564 0.624254021484375 0.1031213663003663 0.613913990234375 0.128065178021978 0.61492771875 0.14053708351648353 0.6254704956054687 0.13810354065934066 0.6325665952148437 0.12258970695970696 0.6418928974609375 0.12441486373626374 0.6601400107421875 0.1067716805860806 0.662572958984375 0.09429977435897435
0 0.668858076171875 0.10555490915750915 0.660748248046875 0.10403394505494507 0.652435673828125 0.11133457289377288 0.64128466015625 0.12228551428571428 0.6406764233398438 0.12958614212454214 0.6451368286132813 0.14540416849816848 0.6522329282226562 0.15422576043956043 0.6631938681640624 0.14776760439560438 0.6723047529296875 0.12289389963369962 0.668858076171875 0.10555490915750915
0 0.707379759765625 0.13871192673992674 0.6956205087890625 0.1216771282051282 0.6897408833007812 0.11711423589743589 0.6796035981445312 0.12046035750915751 0.6692635673828125 0.132932263003663 0.6639921791992187 0.15665930256410257 0.6700745502929687 0.17034797948717947 0.683050275390625 0.18281988571428573 0.69622874609375 0.17095636556776556 0.7061632856445312 0.15818026666666668 0.707379759765625 0.13871192673992674
0 0.69217383203125 0.0716754336996337 0.6816310551757813 0.06053437142857143 0.6700745502929687 0.0690517706959707 0.6680470932617187 0.08182786886446887 0.6723047529296875 0.0967333172161172 0.6672361103515625 0.112855536996337 0.6710882788085938 0.11833100732600733 0.6781843784179687 0.10585910183150182 0.6836585122070312 0.09825428131868133 0.701297388671875 0.09734170256410256 0.701297388671875 0.0876075326007326 0.69217383203125 0.0716754336996337
0 0.6408791689453125 0 0.631147375 0.009429977289377289 0.62729520703125 0.03984925934065934 0.6368242548828125 0.05414632234432234 0.654463130859375 0.059621792673992674 0.6662223818359375 0.05536309377289377 0.6694663129882813 0.022814461538461537 0.6666278735351563 0 0.6408791689453125 0
0 0.5786362377929688 0.14327481904761905 0.5790417294921875 0.12928194871794874 0.5859350834960938 0.13262807032967033 0.5970860971679688 0.10646748717948719 0.5889762690429687 0.07756916923076923 0.5620110903320312 0.0705727347985348 0.5593753959960938 0.0748314336996337 0.5522792963867188 0.08486979706959707 0.5486298740234375 0.09825428131868133 0.5437639770507813 0.11528907912087913 0.55004909375 0.13414903443223442 0.5628220732421875 0.12928194871794874 0.5626193271484375 0.13627838388278388 0.5711346469726563 0.14692513260073262 0.5786362377929688 0.14327481904761905
0 0.5291662861328125 0.26799387545787545 0.555117736328125 0.28320351648351644 0.5680934614257812 0.2476129567765568 0.5691071899414063 0.21536851721611722 0.5457914340820312 0.19772533406593407 0.5210564580078125 0.20563434725274723 0.518623509765625 0.212326589010989 0.5151768325195313 0.2202356021978022 0.5291662861328125 0.26799387545787545
0 0.547007908203125 0.19559598388278387 0.553090279296875 0.20380919047619048 0.5727566123046876 0.20958885347985345 0.5684989526367188 0.18342827106227108 0.565255021484375 0.177040221978022 0.567282478515625 0.1718689435897436 0.5701209184570313 0.16578508717948717 0.5705264096679687 0.15970123076923076 0.5626193271484375 0.153008989010989 0.557145193359375 0.14418739706959707 0.5411282827148437 0.15240060366300368 0.5315992348632812 0.14479578315018315 0.5311937431640625 0.14509997582417583 0.5218674409179688 0.16365573772893774 0.524705880859375 0.17247732967032967 0.520650966796875 0.16973959413919415 0.5182180180664062 0.18129892161172162 0.5182180180664062 0.19985468351648353 0.5228811694335938 0.20441757582417583 0.5332212001953125 0.20289661172161172 0.547007908203125 0.19559598388278387
0 0.5695126811523438 0.17795280073260072 0.5699181728515625 0.19133728424908425 0.5703236640625 0.21171820366300365 0.5788389838867187 0.21993140952380952 0.5889762690429687 0.22236495238095239 0.5887735229492187 0.23483685787545786 0.5958696225585938 0.23240331501831502 0.5950586401367187 0.22297333772893774 0.6029657221679687 0.211414010989011 0.6094535849609375 0.18890374212454214 0.6094535849609375 0.1718689435897436 0.6076288735351563 0.15665930256410257 0.59668060546875 0.14327481904761905 0.5968833510742187 0.14357901172161172 0.5901927431640624 0.1420580476190476 0.5899899975585937 0.14753351794871794 0.585529591796875 0.14692513260073262 0.58451586328125 0.15483414578754578 0.577419763671875 0.15696349597069595 0.577419763671875 0.16335154505494506 0.5737703413085937 0.16152638827838828 0.5695126811523438 0.17795280073260072
0 0.49604313671875 0.13004726666666666 0.5008469228515625 0.13694133846153847 0.5089924736328125 0.15260968424908425 0.5133785390625 0.14822254725274725 0.5171380239257812 0.12440666227106226 0.528416478515625 0.11751259047619048 0.5292519194335937 0.1091104402930403 0.5317582426757812 0.0980838424908425 0.5294607797851563 0.08711600073260073 0.5340557055664062 0.07928182783882784 0.5300873603515625 0.06392684908424909 0.525701294921875 0.05577930989010989 0.5196443471679687 0.0379173956043956 0.49499883544921874 0.03321689230769231 0.4820494990234375 0.060793180219780224 0.48246721923828123 0.06110654725274725 0.48100519775390627 0.07238775604395604 0.4812140576171875 0.08210212967032966 0.48789758642578124 0.08774273406593407 0.49061277001953124 0.09683037435897436 0.49478997509765626 0.09902394285714286 0.49541655615234376 0.11437892161172161 0.49478997509765626 0.12440666227106226 0.49604313671875 0.13004726666666666
0 0.49416339453125 0.15386315164835165 0.4962519970703125 0.14790918021978022 0.501891224609375 0.14195520952380952 0.4995937612304687 0.13130073406593407 0.49541655615234376 0.12440666227106226 0.496878578125 0.11093188571428571 0.49332795361328124 0.11155861904761905 0.4924925122070313 0.09996404395604395 0.48601784423828126 0.09432343956043956 0.4797520361328125 0.09557690695970697 0.47118876513671876 0.10748484908424907 0.47223306640625 0.11375218754578754 0.4739039482421875 0.12064625934065934 0.4768279921875 0.12848043223443223 0.471397625 0.1454022454212454 0.4743216689453125 0.16639782783882784 0.47954317578125 0.16953149743589743 0.4893596083984375 0.16577109450549452 0.4893596083984375 0.15699682051282052 0.49416339453125 0.15386315164835165
0 0.449885017578125 0.10278434578754579 0.455315384765625 0.09338333846153846 0.45761284765625 0.07395459047619048 0.46283435400390627 0.0457515684981685 0.4551065244140625 0.03627221978021978 0.44633439306640627 0.028829755311355308 0.434847078125 0.029143122344322342 0.4304610126953125 0.03603719413919414 0.42899899072265624 0.049825338461538464 0.43422049755859377 0.07050755457875459 0.43714454150390625 0.09369670549450548 0.44132174658203127 0.09589027399267398 0.44424579052734375 0.11563238901098902 0.44424579052734375 0.12158636043956045 0.44904957666015627 0.12158636043956045 0.449885017578125 0.10278434578754579
0 0.44090402587890626 0.13443440366300366 0.4402774453125 0.1463423457875458 0.4469609736328125 0.15542998608058609 0.4469609736328125 0.16295079194139195 0.4533312119140625 0.17548546813186813 0.46304321435546875 0.1692181304029304 0.46805586083984374 0.15511661904761906 0.4701444638671875 0.1463423457875458 0.469935603515625 0.1294205326007326 0.47599255126953127 0.12409329523809524 0.47056218408203127 0.10905168424908425 0.4736950883789062 0.1015308783882784 0.46283435400390627 0.0802219282051282 0.45865714892578124 0.08272886373626373 0.45385336279296873 0.0868026336996337 0.45072045849609377 0.09996404395604395 0.4546888037109375 0.10685811575091574 0.4528090615234375 0.11218535311355311 0.44821413525390624 0.12221309377289377 0.4423660478515625 0.11751259047619048 0.4381888427734375 0.120019526007326 0.44090402587890626 0.13443440366300366
0 0.44654325341796874 0.2253108065934066 0.4597014501953125 0.20306175604395607 0.4574039873046875 0.18488647545787545 0.4432014892578125 0.16702456190476192 0.43839770263671873 0.16451762637362638 0.4312964536132812 0.16389089304029306 0.42732810888671874 0.17297853333333335 0.425239505859375 0.18896024542124545 0.4177205361328125 0.19522758388278388 0.42001799951171875 0.2165365333333333 0.42920785107421877 0.22813110915750914 0.4400685849609375 0.2275043750915751 0.44654325341796874 0.2253108065934066
0 0.4039357587890625 0.0980838424908425 0.4085306845703125 0.1040378131868132 0.4131256103515625 0.11845269084249085 0.4250306455078125 0.11281208717948717 0.434847078125 0.10748484908424907 0.43693568115234377 0.08836946813186813 0.4327584755859375 0.07552142490842491 0.4304610126953125 0.060166446153846156 0.4198091391601563 0.03729066227106227 0.4162585146484375 0.037604029304029306 0.4089484052734375 0.04199116556776557 0.4043534790039062 0.057032777289377286 0.4085306845703125 0.06361348205128205 0.40456233935546876 0.06361348205128205 0.403309177734375 0.06925408644688645 0.400593994140625 0.07677489230769231 0.4058155009765625 0.08492243223443224 0.4039357587890625 0.0980838424908425
0 0.40017627392578126 0.0780283597069597 0.4043534790039062 0.06267338168498168 0.4085306845703125 0.06236001465201465 0.40456233935546876 0.05640604322344322 0.40706866259765623 0.04606493553113553 0.40341360791015624 0.03697729523809524 0.39265730419921874 0.028829755311355308 0.39370160546875 0.028203021978021974 0.38555605517578123 0.029143122344322342 0.3784548056640625 0.03447035970695971 0.3769927841796875 0.05577930989010989 0.3884800986328125 0.0824154967032967 0.39704336962890624 0.10967841758241759 0.40414461865234375 0.10278434578754579 0.4058155009765625 0.08586253260073261 0.40017627392578126 0.0780283597069597
0 0.34336628076171877 0.10372444615384614 0.35067639013671875 0.11249872014652015 0.3515118315429687 0.12440666227106226 0.35861308056640623 0.12785369816849818 0.36341686669921874 0.11594575604395603 0.36341686669921874 0.10247097875457875 0.3711446962890625 0.10560464761904761 0.37761936474609376 0.09212987106227107 0.36989153515625 0.07740162637362638 0.37051811572265625 0.05922634578754579 0.3696826748046875 0.038857496703296704 0.3600751025390625 0.019428747985347983 0.34441058203125 0.012848043223443224 0.3327144072265625 0.01472824468864469 0.32874606201171874 0.02350251794871795 0.324777716796875 0.03259015824175824 0.3277017607421875 0.048885237362637356 0.32937264306640623 0.05609267619047619 0.33417642919921875 0.06549368351648352 0.3350118701171875 0.0780283597069597 0.34065109716796876 0.08711600073260073 0.34336628076171877 0.10372444615384614
0 0.35819535986328127 0.0018802014652014652 0.3592396611328125 0.012221309157509156 0.36341686669921874 0.01754854652014652 0.3625814252929688 0.026636186813186816 0.3696826748046875 0.036663928205128204 0.38075226904296877 0.037604029304029306 0.39015098095703127 0.026636186813186816 0.39829653125 0.021622316483516486 0.4043534790039062 0.010027741391941392 0.39975855322265624 0 0.35819535986328127 0.0018802014652014652
0 0.3423219794921875 0.1325542021978022 0.33417642919921875 0.11281208717948717 0.34399286181640626 0.11124525201465202 0.3423219794921875 0.1015308783882784 0.33626503173828126 0.09401007252747252 0.3419042587890625 0.09087640293040293 0.33856249462890625 0.08429569816849816 0.33647389208984374 0.07364122344322344 0.332505546875 0.06204664761904762 0.3277017607421875 0.04481146813186813 0.32206253369140625 0.02945648937728938 0.31057521875 0.01723518021978022 0.2980436025390625 0.020682216117216115 0.28968919189453124 0.03259015824175824 0.289062611328125 0.048258504029304025 0.29031577294921873 0.06643378461538461 0.2942841176757813 0.0836689641025641 0.3011765068359375 0.09871057582417582 0.31203724072265626 0.10873831721611722 0.32707518017578124 0.11625912307692307 0.3350118701171875 0.13788143956043958 0.3423219794921875 0.1325542021978022
0 0.2587711943359375 0.23490154358974358 0.245908703125 0.20688766666666666 0.2569732119140625 0.18302399413919415 0.2542070844726563 0.16704570915750916 0.24231273779296875 0.15148244395604396 0.22751395751953124 0.13550415897435897 0.206906310546875 0.142974526007326 0.1959801083984375 0.1489923216117216 0.191692611328125 0.16185795384615384 0.18947970947265624 0.1782512600732601 0.193628900390625 0.196097136996337 0.200129298828125 0.21705566666666665 0.216311142578125 0.21996080952380953 0.23774862841796876 0.22016831941391943 0.255451841796875 0.24029680879120877 0.2587711943359375 0.23490154358974358
0 0.1817345537109375 0.2481821963369963 0.17509584814453125 0.25918023663003664 0.17606399267578124 0.27495101172161174 0.1883732587890625 0.29777713333333333 0.2116087265625 0.29653207252747255 0.23180145458984375 0.30836015384615384 0.2341526630859375 0.3000597457875458 0.22046033349609376 0.26104782857142855 0.20911921240234374 0.2407118293040293 0.1817345537109375 0.2481821963369963
0 0.18021318359375 0.28511901172161175 0.17371278466796874 0.2726684 0.17426601025390626 0.2600102776556777 0.1892030966796875 0.2450695435897436 0.18408576171875 0.22452603369963367 0.1605736806640625 0.21747068717948717 0.13567853662109375 0.22431852380952383 0.13235918408203126 0.22556358461538462 0.129593056640625 0.23842921684981683 0.1253055595703125 0.2519173802197802 0.12767405615234376 0.26540554285714285 0.1329124091796875 0.2803462769230769 0.1472962705078125 0.2853265216117216 0.1578075537109375 0.2930043992673993 0.175510767578125 0.29756962344322346 0.18021318359375 0.28511901172161175
0 0.2439724140625 0.0989823641025641 0.23678048388671874 0.0977373032967033 0.2291736337890625 0.09545469084249084 0.22377968603515624 0.10417011941391942 0.22433291162109376 0.11662073113553113 0.22433291162109376 0.12907134285714283 0.23249298681640626 0.13467411794871795 0.247015154296875 0.15148244395604396 0.26388852978515626 0.1693283208791209 0.26803772021484373 0.16704570915750916 0.26803772021484373 0.16206546446886447 0.26305869140625 0.1591603216117216 0.26139901513671876 0.15770775018315017 0.2550369228515625 0.14048440366300366 0.248951443359375 0.1321839956043956 0.24964297509765626 0.12346856776556776 0.2439724140625 0.11869583296703297 0.2439724140625 0.0989823641025641
0 0.2092575185546875 0.09628473186813187 0.19515027001953125 0.09856734358974359 0.19086277294921875 0.10935787399267398 0.19003293505859375 0.12014840439560438 0.192660755859375 0.13073142417582417 0.19957607373046876 0.13840930183150182 0.2158962236328125 0.14276701611721612 0.22225831591796874 0.1321839956043956 0.2236413798828125 0.10832032307692306 0.222120009765625 0.09794481318681318 0.2092575185546875 0.09628473186813187
0 0.1673506923828125 0.18198644322344323 0.181043021484375 0.18924930036630036 0.18809664599609374 0.18094889230769232 0.19044785400390624 0.15293501538461537 0.186851888671875 0.12429860805860805 0.1778619755859375 0.10417011941391942 0.163893033203125 0.09586971135531136 0.1468813515625 0.10562269084249083 0.14217893505859375 0.11579069010989011 0.13885958251953126 0.11558318021978022 0.13706160009765625 0.1259586901098901 0.13899788916015626 0.13965436263736264 0.1449450625 0.14691721978021977 0.14397691796875 0.15542513772893773 0.14591320703125 0.16019787252747253 0.15379666943359374 0.17327101465201467 0.1673506923828125 0.18198644322344323
0 0.15905231103515624 0.19090938168498167 0.15988214892578126 0.18032636190476192 0.14992409130859374 0.1707808923076923 0.14937086572265626 0.16144293406593407 0.14660473876953126 0.15646268864468865 0.14660473876953126 0.14940734212454213 0.140242646484375 0.1421444857142857 0.13885958251953126 0.13488162857142857 0.136370068359375 0.1263737106227106 0.13844466357421875 0.11599820073260074 0.14383861181640625 0.11496064981684982 0.1453599814453125 0.11060293553113552 0.13719990625 0.09794481318681318 0.12793338037109375 0.09545469084249084 0.12129467529296875 0.09337958901098901 0.10276162353515625 0.09981240512820513 0.10552775048828125 0.10707526227106227 0.0986124326171875 0.10334007838827838 0.09460154833984374 0.1141306087912088 0.09902735205078125 0.1325990161172161 0.09999549609375 0.1516899545787546 0.10552775048828125 0.1705733824175824 0.123092658203125 0.19090938168498167 0.14190232275390624 0.1911168923076923 0.15905231103515624 0.19090938168498167
0 0.1578075537109375 0.09379460952380952 0.16029706787109374 0.0983598336996337 0.16845714306640625 0.09586971135531136 0.17246802734375 0.08383412014652014 0.172606333984375 0.07449616117216117 0.172606333984375 0.06287558974358974 0.1597438427734375 0.04668979413919414 0.1445301435546875 0.053745141391941385 0.14466844970703124 0.05395265128205128 0.1396894208984375 0.06951591648351647 0.1377531318359375 0.0724210586080586 0.13982772705078125 0.08051395677655677 0.138306357421875 0.09213452747252748 0.14134909716796876 0.10209501758241758 0.15379666943359374 0.1043776293040293 0.16085029345703125 0.10043493553113553 0.1578075537109375 0.09379460952380952
0 0.20718292333984376 0.09192701758241759 0.2255776689453125 0.08715428278388279 0.2320780673828125 0.07491118168498169 0.22862040869140626 0.0657807326007326 0.2168643681640625 0.04689730476190476 0.2073212294921875 0.03403167252747252 0.1921075302734375 0.03506922344322344 0.17952165185546876 0.026561305494505496 0.1721914150390625 0.04025697802197802 0.1702551259765625 0.044199671794871796 0.1672123857421875 0.045237222710622714 0.16596762890625 0.0549902021978022 0.17246802734375 0.06225305934065934 0.17896842626953124 0.07615624249084249 0.187820033203125 0.08777681391941393 0.190724466796875 0.10562269084249083 0.19515027001953125 0.09711477216117216 0.20718292333984376 0.09192701758241759
0 0.19445873828125 0 0.186851888671875 0.005187754578754579 0.1796599580078125 0.0020751018315018316 0.17634060546875 0.008922938461538462 0.1767555244140625 0.017015835897435896 0.17412770361328125 0.014525713553113552 0.1701168193359375 0.023863672527472526 0.16887206201171875 0.027598856410256407 0.1702551259765625 0.032371590476190475 0.17523415478515625 0.03589926446886447 0.1796599580078125 0.027391345787545786 0.19335228759765624 0.03465420293040293 0.20192728173828126 0.03527673333333333 0.21008735693359376 0.03652179487179487 0.21672606201171876 0.030296488644688643 0.22004541455078125 0.03631428424908425 0.22474783056640624 0.031956570695970694 0.2193538828125 0.022618611721611722 0.220183720703125 0.01722334652014652 0.2102256630859375 0.013903183150183148 0.206906310546875 0.006432816117216117 0.20275711962890625 0.005395265201465202 0.20040591162109375 0 0.19445873828125 0
0 0.25863288818359376 0.04212456996336997 0.25240910205078126 0.024486203663003664 0.24535547802734375 0.005187754578754579 0.22875871484375 0.0002075098901098901 0.219215576171875 0.0035276732600732596 0.22004541455078125 0.017638367032967034 0.21907727001953126 0.023033632234432236 0.22142847802734375 0.02573126446886447 0.2226732353515625 0.029881468131868132 0.225024443359375 0.030088978754578753 0.22474783056640624 0.03631428424908425 0.22958855322265626 0.037559345787545786 0.2436958017578125 0.04917991648351648 0.25476031005859373 0.04980244761904762 0.25863288818359376 0.04212456996336997
0 0.04273666455078125 0.1097728945054945 0.05214149658203125 0.1147531391941392 0.05656730029296875 0.1031325684981685 0.0625144736328125 0.10417011941391942 0.0744088203125 0.1099804043956044 0.0775898662109375 0.10292505787545787 0.0948781611328125 0.1164132205128205 0.09695275634765625 0.11060293553113552 0.0976442880859375 0.08798432380952381 0.08422857177734375 0.08632424249084249 0.08118583154296875 0.09317207838827839 0.0796644619140625 0.08549420146520147 0.07122777392578125 0.0873617934065934 0.07136608056640625 0.07989142637362637 0.05988665283203125 0.07760881391941392 0.06956809765625 0.0724210586080586 0.06362092431640624 0.06183803882783883 0.052418109375 0.06495069157509158 0.04591771044921875 0.04897240659340659 0.02932094775390625 0.06412065128205127 0.0327786064453125 0.06847836556776557 0.02683143310546875 0.06951591648351647 0.02600159521484375 0.076571263003663 0.029597560546875 0.08528669157509158 0.03969392431640625 0.09130448717948718 0.03416167041015625 0.09068195604395604 0.028629416015625 0.10001991501831502 0.033470138671875 0.10707526227106227 0.04273666455078125 0.1097728945054945
0 0.09750598193359375 0.1211859553113553 0.088654375 0.11952587399267399 0.08450518408203125 0.11226301684981684 0.07731325390625 0.10603771062271063 0.06707858349609375 0.10873534358974359 0.05974834619140625 0.10769779267399267 0.050620126953125 0.11620571062271061 0.04854553125 0.11828081245421244 0.04840722509765625 0.13475193479853478 0.05546084912109375 0.13820179194139193 0.06023241845703125 0.15438758681318682 0.0690148720703125 0.1635180358974359 0.07897293017578125 0.16725321904761906 0.088654375 0.16621566813186814 0.094324935546875 0.15999036263736263 0.10331484912109375 0.15065240366300367 0.0986124326171875 0.13861681172161172 0.09750598193359375 0.1211859553113553
0 0 0.15853779120879122 0.0019362890625 0.15542513772893773 0.00511733544921875 0.16538562783882785 0.01078789599609375 0.15770775018315017 0.01300079736328125 0.16870579047619047 0.020054421875 0.15687770915750915 0.026693126953125 0.16600815824175824 0.03941731201171875 0.1591603216117216 0.05532254296875 0.17119591282051283 0.06804672802734375 0.18032636190476192 0.07025962939453125 0.1751386065934066 0.03983223095703125 0.14587966886446885 0.029597560546875 0.1373717509157509 0.014383861328125 0.10292505787545787 0 0.10811281318681319 0 0.15853779120879122
0 0.020884259765625 0.21290546300366298 0.01604353759765625 0.21705566666666665 0.02019272802734375 0.22286595238095236 0.02365038720703125 0.2342790131868132 0.039002392578125 0.245692073992674 0.0452261787109375 0.24216440073260076 0.04688585498046875 0.2295062783882784 0.04370480908203125 0.21726317655677654 0.03595965283203125 0.2079252183150183 0.020884259765625 0.21290546300366298
0 0.02503345068359375 0.18987183076923078 0.030565705078125 0.20460505494505496 0.041906826171875 0.21145289157509156 0.05324794775390625 0.2180932175824176 0.0634826181640625 0.21062285054945054 0.0690148720703125 0.20107738168498168 0.07067454833984375 0.18530660659340661 0.06279108642578125 0.17140342344322346 0.0461943232421875 0.16600815824175824 0.02503345068359375 0.18987183076923078
0 0.12392249609375 0.2541999919413919 0.12876321875 0.24174938021978024 0.1262737041015625 0.22348848278388278 0.11839024169921875 0.19879476923076922 0.10386807421875 0.1913244021978022 0.0719193056640625 0.196097136996337 0.06500398779296875 0.2091702791208791 0.06652535791015625 0.2239035032967033 0.07537696484375 0.235524073992674 0.0853350224609375 0.2564826043956044 0.10359146142578125 0.2660280732600732 0.108708796875 0.2618778695970696 0.1147942763671875 0.263330441025641 0.12779507421875 0.26934823663003665 0.12392249609375 0.2541999919413919
0 0.1472962705078125 0.2805537868131868 0.13125273291015624 0.27495101172161174 0.115347501953125 0.2701782769230769 0.0976442880859375 0.2660280732600732 0.08450518408203125 0.2560675838827839 0.07164269287109375 0.24174938021978024 0.05836528271484375 0.24216440073260076 0.04979028857421875 0.25108733919413917 0.05421609228515625 0.2714233384615385 0.060163265625 0.2728759098901099 0.06514229443359375 0.28740162344322345 0.0806326064453125 0.2776486446886447 0.1015168662109375 0.2743284813186813 0.1188051611328125 0.2803462769230769 0.13567853662109375 0.2840814608058608 0.1502007041015625 0.2853265216117216 0.1472962705078125 0.2805537868131868
0 0.02752296533203125 0.24797468644688647 0.01549031201171875 0.2483897062271062 0.01023467041015625 0.24755966593406595 0.00829838134765625 0.2556525633699634 0.01936289013671875 0.26540554285714285 0.034438283203125 0.26665060366300364 0.04785399951171875 0.2629154205128205 0.05310964111328125 0.24859721684981684 0.05546084912109375 0.2396742783882784 0.0453644853515625 0.23759917655677656 0.03941731201171875 0.2454845641025641 0.02945925390625 0.23759917655677656 0.02752296533203125 0.24797468644688647
0 0 0.3231348798534799 0.00082983837890625 0.3322653282051282 0.01590523095703125 0.35633651135531136 0.02600159521484375 0.3542614095238095 0.0338850576171875 0.3513562666666667 0.0471624677734375 0.3397356952380952 0.064865681640625 0.3349629611721612 0.1005487216796875 0.3478285934065934 0.10566605712890625 0.35612900146520143 0.11327290673828125 0.3528088380952381 0.111474923828125 0.3440934095238095 0.07357898193359375 0.32417243076923075 0.07454712646484375 0.31130679853479853 0.06887656591796874 0.29117830915750914 0.05407778564453125 0.26938973846153846 0.05172657763671875 0.2718798608058608 0.04121529443359375 0.26233439194139196 0.03720441015625 0.2700122688644689 0.03111893017578125 0.2652395347985348 0.02116087255859375 0.2675221465201465 0.00497902880859375 0.2637869633699634 0.00096814453125 0.2675221465201465 0.0081600751953125 0.2820478608058608 0 0.2756150446886447 0 0.3231348798534799
0 0.02503345068359375 0.42477337435897433 0.03983223095703125 0.43182872087912083 0.05034351416015625 0.4305836600732601 0.05532254296875 0.4397141084249084 0.07800478564453125 0.4519572102564103 0.0944632421875 0.44718447619047613 0.10220839794921875 0.43950659853479856 0.109538634765625 0.4233208029304029 0.100963640625 0.41024766080586084 0.11119831103515625 0.4127377831501831 0.1233692705078125 0.4129452930402931 0.1233692705078125 0.4087950893772894 0.1215712880859375 0.4007021912087912 0.09280356591796875 0.3901191714285714 0.08180821044921875 0.3749709267399267 0.0691531787109375 0.36957566227106226 0.0652806005859375 0.3571250498168498 0.04370480908203125 0.3502772131868132 0.04273666455078125 0.3500697032967033 0.02973586669921875 0.3500697032967033 0.024756837890625 0.3614827641025641 0.01922458349609375 0.35774758095238096 0.01134112109375 0.37082072307692304 0.007606849609375 0.3847239062271062 0.00746854345703125 0.39924962051282054 0.0138306357421875 0.4175105172161172 0.02503345068359375 0.42477337435897433
0 0.26097578271484373 0.4375673186813187 0.2518355288085937 0.42510029157509155 0.22898489404296876 0.4263469941391942 0.22649209716796875 0.44068405714285713 0.22192197021484375 0.446917589010989 0.21735184326171875 0.45689121098901103 0.23189315673828126 0.47185164322344325 0.237709681640625 0.4656181296703297 0.253912859375 0.46811153553113555 0.26305311328125 0.4706049406593407 0.27094696923828127 0.46748818388278385 0.26803870654296874 0.4525277509157509 0.26097578271484373 0.4375673186813187
0 0.40565035595703125 0 0.40381248291015626 0.025699180219780217 0.42525433642578125 0.04408240146520146 0.433218453125 0.02661834139194139 0.44853406298828125 0.033971630036630035 0.458948677734375 0.04132491794871795 0.46323704833984375 0.033971630036630035 0.4595613017578125 0.02018421391941392 0.462624423828125 0.010992603663003662 0.46201179931640624 0 0.40565035595703125 0