0 0.09722953662109375 0.5204776285714285 0.08362958056640625 0.532964219047619 0.06008338818359375 0.5685966835164835 0.06454904541015626 0.5917425582417583 0.07124753125 0.6100156175824176 0.08626837841796875 0.617629391941392 0.09621461474609375 0.6194566981684981 0.1128593369140625 0.6234158608058609 0.12483541796875 0.6270704725274725 0.14635176611328124 0.6115383721611721 0.16116962890625 0.6014881897435898 0.1654323017578125 0.586260641025641 0.1577188935546875 0.5679875816849816 0.15406517431640626 0.5405779934065934 0.14046521826171876 0.5287005047619048 0.13193987255859374 0.5171275677655678 0.11935483837890624 0.5171275677655678 0.09722953662109375 0.5204776285714285
0 0.1120473994140625 0.404443704029304 0.12321154248046876 0.4080983164835165 0.1295040595703125 0.3965253787545788 0.1303159970703125 0.37398860586080585 0.11874588525390625 0.35388824102564104 0.1118444150390625 0.3435335076923077 0.1031160849609375 0.35084273186813186 0.09174895751953124 0.36637483150183153 0.09053105078125 0.3852569926739927 0.1027101162109375 0.404443704029304 0.1120473994140625 0.404443704029304
0 0.1301130126953125 0.4735767772893773 0.1301130126953125 0.49580899926739924 0.134984638671875 0.508295589010989 0.14614878173828125 0.518954873992674 0.16157559765625 0.5220003838827839 0.17233377197265626 0.5171275677655678 0.18228000830078125 0.5076864871794872 0.187151634765625 0.4845406124542124 0.1830919462890625 0.4717494717948718 0.16807109912109375 0.45530371868131875 0.15832784716796874 0.45073545347985344 0.14513385986328126 0.4479944945054945 0.133766732421875 0.45713102417582413 0.1301130126953125 0.4735767772893773
0 0.18674566552734376 0.44829904615384614 0.187760587890625 0.4312441904761905 0.1780173359375 0.4190621516483517 0.16340245751953125 0.4166257435897435 0.15102040771484376 0.41723484542124545 0.1473666884765625 0.42850323223443226 0.14148014013671875 0.42880778315018314 0.1473666884765625 0.4473853926739927 0.17598749169921876 0.4626129421245421 0.18674566552734376 0.44829904615384614
0 0.15832784716796874 0.41479843809523814 0.170303927734375 0.4074892139194139 0.171115865234375 0.3922616652014652 0.15995172216796874 0.37277040219780216 0.151223392578125 0.36515662783882785 0.14046521826171876 0.36515662783882785 0.12788018408203125 0.37672956483516484 0.12788018408203125 0.40109364322344326 0.13579657666015624 0.4166257435897435 0.1477726572265625 0.42698047692307695 0.15832784716796874 0.41479843809523814
0 0.1477726572265625 0.9903997941391942 0.16035769140625 0.9983181194139193 0.17659644482421874 0.9980135684981685 0.19608294921875 0.9916179978021978 0.2015635283203125 0.9879633860805862 0.2013605439453125 0.9678630212454212 0.2011575595703125 0.9434989428571429 0.18187403955078124 0.9294895978021978 0.170303927734375 0.9273577406593406 0.153253236328125 0.928880495970696 0.14371296875 0.9441080446886446 0.13985626513671875 0.9651220630036631 0.1477726572265625 0.9903997941391942
0 0.062113232421875 0.11542482197802197 0.07835198583984375 0.12821596336996338 0.09540267724609375 0.11877488278388278 0.097635505859375 0.09897906886446886 0.0947937236328125 0.07766050036630037 0.08809523779296875 0.061214747252747254 0.079569892578125 0.05573283003663003 0.0679997802734375 0.05573283003663003 0.05703862158203125 0.0603010945054945 0.05277594921875 0.0797923575091575 0.05521176220703125 0.10567919047619047 0.062113232421875 0.11542482197802197
0 0.220807826171875 0.7343536256410257 0.2358967900390625 0.7361231523809524 0.2537292021484375 0.7140040666666666 0.260587822265625 0.683037347985348 0.25235747802734376 0.6697658967032967 0.2464133408203125 0.652955391941392 0.24412713427734375 0.6352601238095238 0.2317816181640625 0.637914413919414 0.2171498955078125 0.6511858652014652 0.208462310546875 0.685691638095238 0.2130347236328125 0.7175431208791209 0.220807826171875 0.7343536256410257
0 0.24790058447265625 0.6201694791208792 0.2411377294921875 0.6304108095238096 0.24878269580078125 0.6565830996336997 0.25907399658203123 0.6799105758241758 0.2728937431640625 0.6799105758241758 0.2899478984375 0.6628416908424909 0.299651125 0.6452038432234433 0.2955346044921875 0.6104971106227106 0.2808327465820312 0.5968420029304029 0.2599561079101563 0.6076522967032967 0.24790058447265625 0.6201694791208792
0 0.23261065185546875 0.5712386761904762 0.23261065185546875 0.5928592637362637 0.244960212890625 0.6167557018315019 0.2637785908203125 0.6070833340659341 0.27848044921875 0.5922903003663004 0.28200889501953125 0.5746524527472527 0.279362560546875 0.5479111999999999 0.2711295200195312 0.5314112783882784 0.25554555078125 0.5234457985347986 0.23731524658203124 0.5217389106227106 0.23143450341796876 0.5416526095238096 0.23261065185546875 0.5712386761904762
0 0.2331275166015625 0.5712386761904762 0.2331275166015625 0.5359629809523809 0.23695 0.5217389106227106 0.2310692568359375 0.5114975794871796 0.22283621630859374 0.5166182446886447 0.21401510107421876 0.5245837245421245 0.20078342919921874 0.5228768358974359 0.18549349658203124 0.5365319435897435 0.17843660498046876 0.5644111223443223 0.18519945947265626 0.5905834124542124 0.19490268603515626 0.6048074827838829 0.20725224658203126 0.6104971106227106 0.22313025341796874 0.6122039992673992 0.23518577685546874 0.6048074827838829 0.2331275166015625 0.5712386761904762
0 0.23810638720703126 0.7635481106227107 0.258394951171875 0.7732204791208791 0.2751550693359375 0.7652549992673991 0.27691929248046876 0.7493240402930403 0.2819179243164063 0.7390827091575092 0.2819179243164063 0.7197379736263736 0.2722146977539063 0.7055139025641025 0.2633935830078125 0.6958415347985348 0.25604265380859376 0.702100126007326 0.248103650390625 0.7197379736263736 0.23869446142578124 0.7282724153846154 0.2304614208984375 0.7464792263736264 0.23810638720703126 0.7635481106227107
0 0.278122357421875 0.7453413003663004 0.27400583740234374 0.7612722593406593 0.28165080322265623 0.7772032183150184 0.299293033203125 0.7874445494505495 0.311348556640625 0.793134178021978 0.32193389453125 0.780048032967033 0.33163712109375 0.7584274454212454 0.3310490463867187 0.73509996996337 0.32252196875 0.7271344901098902 0.310172408203125 0.7060828652014651 0.30223340478515626 0.7043759772893773 0.288413658203125 0.714048345054945 0.2840031005859375 0.73111723003663 0.278122357421875 0.7453413003663004
0 0.343986681640625 0.7294103413919414 0.3498674248046875 0.7100656051282052 0.34692705322265627 0.6850312410256411 0.33604767822265624 0.6696692446886447 0.32311004345703126 0.6656865047619047 0.3157591142578125 0.6804795384615384 0.30752607373046875 0.7009622 0.3157591142578125 0.7191690102564102 0.32928482373046875 0.7362378952380952 0.3348715297851563 0.7407895978021979 0.343986681640625 0.7294103413919414
0 0.26123378955078125 0.48361840073260076 0.27593564794921877 0.4819115128205128 0.2838746513671875 0.4756529216117216 0.29328384033203125 0.4665495164835165 0.2915196171875 0.44663581758241755 0.280934279296875 0.4272910813186813 0.27064297900390627 0.4221704161172161 0.2621159013671875 0.42558419267399267 0.2524126748046875 0.43867033772893776 0.24917826611328125 0.44549789157509156 0.2527067119140625 0.46882536776556777 0.26123378955078125 0.48361840073260076
0 0.26096189892578125 0.3288605128205128 0.2521407841796875 0.3299984380952381 0.24714215234375 0.33455014065934063 0.24273159521484375 0.35048110036630037 0.24331966943359376 0.37153272454212455 0.24420178076171875 0.39030849743589746 0.24949444970703125 0.40168775457875455 0.26007978759765626 0.40168775457875455 0.27683990576171874 0.4005498285714285 0.291541763671875 0.3886016095238095 0.2853669833984375 0.3692568732600733 0.28125046337890625 0.3459293978021978 0.27007705126953124 0.335119104029304 0.26096189892578125 0.3288605128205128
0 0.3057334931640625 0.38200624175824177 0.30234347119140625 0.3970549728937729 0.3039387758789063 0.4151906227106227 0.314906494140625 0.43101108351648354 0.32388008154296877 0.4279241641025641 0.33325249560546877 0.4205927311355311 0.3380384086914062 0.41017437948717944 0.3380384086914062 0.3939680534798535 0.335844865234375 0.3793051875457875 0.32846658203125 0.36541405201465205 0.31749886376953124 0.36425645714285715 0.3093229282226562 0.37043029523809523 0.3057334931640625 0.38200624175824177
0 0.2992422861328125 0.45956508498168497 0.2918640029296875 0.468439978021978 0.284286306640625 0.47577141025641023 0.2791015673828125 0.4800159245421245 0.28289041552734373 0.4935211956043956 0.279699806640625 0.5081840615384615 0.2834886547851562 0.5213034673992675 0.28907222021484374 0.5286349003663003 0.29166458984375 0.5436836315018315 0.2984446337890625 0.5417543069597069 0.31160589599609373 0.5340370095238095 0.3217759619140625 0.5305642249084249 0.3255648100585937 0.5178306835164835 0.3235706791992187 0.5074123318681318 0.3235706791992187 0.49274946593406593 0.31699004833984373 0.4703693018315018 0.31240354833984374 0.46496719340659337 0.30522467822265625 0.45956508498168497 0.2992422861328125 0.45956508498168497
0 0.42371346826171874 0.7215673465201465 0.43208881689453127 0.719638021978022 0.4432559482421875 0.7080620747252747 0.44704479638671873 0.6829808571428572 0.44305653515625 0.6675462615384615 0.435678251953125 0.6578996388278389 0.4269040771484375 0.6575137743589744 0.41773107666015624 0.663301747985348 0.40855807568359376 0.6779646131868132 0.4111504453125 0.6926274791208791 0.4183293154296875 0.7200238864468864 0.42371346826171874 0.7215673465201465
0 0.4568731103515625 0.7400888608058609 0.4602631323242187 0.7559093216117215 0.46804024169921876 0.7578386461538461 0.4766150029296875 0.7578386461538461 0.4889786127929687 0.7512789428571428 0.49196980859375 0.7362302117216117 0.4933657001953125 0.7204097516483516 0.48578800390625 0.7030458315018315 0.4756179379882812 0.6957143985347986 0.4668437631835938 0.6957143985347986 0.4602631323242187 0.7038175611721611 0.454280740234375 0.7258118600732602 0.4568731103515625 0.7400888608058609
0 0.4548789794921875 0.7323715633699633 0.45109013134765624 0.7246542652014651 0.4413188916015625 0.7238825355311355 0.4359347392578125 0.7327574278388278 0.434937673828125 0.7400888608058609 0.43653297802734375 0.7505072131868132 0.4421165439453125 0.7597679706959707 0.4534830883789063 0.7636266190476191 0.4588672407226563 0.7481920234432234 0.4548789794921875 0.7323715633699633
0 0.417669380859375 0.8292236505494505 0.42325294677734376 0.838484408058608 0.43641420849609375 0.8380985435897436 0.44359307861328123 0.8315388402930403 0.454161970703125 0.8191911633699634 0.45874847119140627 0.8033707032967033 0.45635551416015624 0.790637161904762 0.45196842724609376 0.7771318908424908 0.441000708984375 0.7721156468864468 0.4318277080078125 0.768642863003663 0.4252470771484375 0.7732732417582417 0.42105940283203125 0.7887078373626374 0.417669380859375 0.806457621978022 0.417669380859375 0.8292236505494505
0 0.3421810244140625 0.8558483282051282 0.3503569599609375 0.8589352476190477 0.355940525390625 0.8631797611721611 0.36072643896484374 0.8616363018315019 0.36631000439453126 0.8620221663003663 0.372292396484375 0.8492886249084248 0.37608124462890624 0.8350116241758241 0.37348887451171875 0.8130173252747254 0.364515287109375 0.8045282974358974 0.356738177734375 0.8045282974358974 0.34756517724609376 0.8145607846153846 0.3439757421875 0.8230498124542125 0.3417821982421875 0.8438865164835165 0.3421810244140625 0.8558483282051282
0 0.36643200927734376 0.7898654322344322 0.3708190966796875 0.7736591062271062 0.3680273139648437 0.76131143003663 0.3636402265625 0.7593821054945055 0.356261943359375 0.7524365377289378 0.34669011669921873 0.7566810512820513 0.34549363818359374 0.7698004578754578 0.34688952978515625 0.7840774586080586 0.3532707475585937 0.7937240805860806 0.3612472700195313 0.7941099457875458 0.36643200927734376 0.7898654322344322
0 0.517497453125 0.7910230263736264 0.5266704536132812 0.7894795670329671 0.5344475629882812 0.783305728937729 0.5386352373046875 0.7667135384615383 0.5360428671875 0.7524365377289378 0.53225401953125 0.7393171311355311 0.52906341015625 0.7300563736263737 0.5208874750976562 0.7285129142857143 0.5143068442382812 0.7281270490842491 0.5079256259765625 0.7412464556776557 0.5053332563476562 0.755137591941392 0.5053332563476562 0.7732732417582417 0.5099197568359375 0.787164378021978 0.517497453125 0.7910230263736264
0 0.4731461865234375 0.9106411428571428 0.48451273046875 0.9268474681318681 0.48929864404296874 0.934178901098901 0.49548044873046876 0.9349506307692308 0.5024599057617187 0.9326354417582418 0.5076446455078125 0.9226029545787546 0.5138264501953125 0.9040814395604396 0.51402586328125 0.8820871406593407 0.5064481669921875 0.8662666805860806 0.49627810107421877 0.8654949501831503 0.48610803515625 0.8797719516483516 0.48152153466796876 0.8871033846153847 0.47533972998046875 0.895978276923077 0.4731461865234375 0.9106411428571428
0 0.27298284423828123 0.2508121794871795 0.2787658232421875 0.2681760989010989 0.2869417587890625 0.27705099194139193 0.2935223896484375 0.2778227216117216 0.30409128173828126 0.2782085860805861 0.31107073876953123 0.26701850476190475 0.31246663037109373 0.2558284227106227 0.31146956494140626 0.2288178805860806 0.30309421630859373 0.21685606886446887 0.29731123779296875 0.21376914945054945 0.28773941064453123 0.2118398249084249 0.28056054052734375 0.21994298754578753 0.27517638818359375 0.23576344835164836 0.27298284423828123 0.2508121794871795
0 0.2644080830078125 0.29595837142857145 0.2648069091796875 0.30946364249084246 0.26739927880859377 0.3229689135531136 0.26899458349609373 0.3241265084249084 0.2755752143554687 0.32991448205128204 0.28016171435546877 0.337245915018315 0.29073060693359376 0.33454486080586077 0.2989065419921875 0.3214254542124542 0.30030243359375 0.2998170205128205 0.294519455078125 0.2847682893772894 0.28634351953125 0.2778227216117216 0.2771705185546875 0.2782085860805861 0.26700045263671873 0.28283896483516485 0.26460749609375 0.2878552087912088 0.2644080830078125 0.29595837142857145
0 0.24990476904296874 0.16978055238095238 0.2457170947265625 0.1774978498168498 0.24212765966796876 0.18405755311355312 0.24192824658203124 0.2029649326007326 0.25030359521484374 0.2160843391941392 0.2592771826171875 0.21762779853479852 0.26864959619140627 0.21106809523809525 0.273435509765625 0.19987801318681317 0.2740337490234375 0.18328582344322344 0.266456052734375 0.16785122783882783 0.25748246533203123 0.16399257875457876 0.24990476904296874 0.16978055238095238
0 0.26091061376953123 0.0632818424908425 0.2553270478515625 0.061352517948717954 0.2499428955078125 0.07099913992673992 0.248148177734375 0.07910230256410257 0.24575522119140625 0.09415103369963371 0.248945830078125 0.11112908864468864 0.26031237451171874 0.11884638608058608 0.2708812666015625 0.10765630476190476 0.2788577890625 0.09955314212454212 0.2822478110351562 0.08411854652014653 0.27506894091796874 0.06443943663003662 0.2710806796875 0.05402108498168499 0.261708265625 0.05980905787545788 0.26091061376953123 0.0632818424908425
0 0.3814859624023437 0.19872041904761906 0.38248302734375 0.18135649890109892 0.38088772314453123 0.16669363296703296 0.37171472216796875 0.16437844322344322 0.361145830078125 0.16707949816849815 0.35795522119140627 0.18019890402930402 0.3573569819335938 0.19177485054945057 0.3593511127929688 0.2068235816849817 0.36573233056640625 0.21955712307692307 0.3741076791992187 0.215698473992674 0.3814859624023437 0.19872041904761906
0 0.40940379052734377 0.13659617142857144 0.40122785498046876 0.12849300879120878 0.39644194189453125 0.13042233333333333 0.39026013671875 0.13813963076923078 0.3860724624023438 0.1439276043956044 0.3838789189453125 0.15473182124542123 0.3846765712890625 0.16669363296703296 0.3854742236328125 0.1809706336996337 0.3896618974609375 0.18984552673992672 0.3982366591796875 0.19563349963369966 0.40740965966796877 0.19563349963369966 0.413990291015625 0.19061725641025642 0.41977326953125 0.1771119846153846 0.4215679873046875 0.16437844322344322 0.41698148681640623 0.14817211794871796 0.40940379052734377 0.13659617142857144
0 0.361896806640625 0.36772924102564103 0.3620962197265625 0.35538156483516486 0.35731030615234377 0.34573494212454214 0.35033084912109375 0.34766426666666667 0.3457443486328125 0.3507511860805861 0.34434845703125 0.3600119435897436 0.3457443486328125 0.3746748095238095 0.3507296752929687 0.3839355663003663 0.3605009150390625 0.37737586373626375 0.361896806640625 0.36772924102564103
0 0.46232057568359375 0.10997149377289377 0.46232057568359375 0.12386263003663003 0.4647135327148437 0.14315587472527472 0.474285359375 0.15164490183150184 0.48644955615234375 0.15164490183150184 0.4954231435546875 0.14238414505494504 0.4978161005859375 0.12386263003663003 0.49243194775390625 0.10148246666666667 0.482461294921875 0.09492276336996336 0.4693000327148438 0.09762381758241757 0.46232057568359375 0.10997149377289377
0 0.5291787138671875 0.003472783882783883 0.5200057133789062 0.0019293245421245421 0.509636234375 0.014662865934065933 0.5048503208007813 0.02083670402930403 0.5012608857421875 0.03781475897435897 0.5034544296875 0.061352517948717954 0.5116303647460938 0.07138500512820513 0.5212021918945312 0.07447192380952382 0.5313722578125 0.07485778901098901 0.5399470190429687 0.06675462637362638 0.544134693359375 0.047847246153846154 0.5431376284179688 0.027782271794871794 0.5355599321289063 0.01041835238095238 0.5291787138671875 0.003472783882783883
0 0.5618226088867188 0.24348074652014653 0.5680044135742187 0.243866610989011 0.5749838706054687 0.2400079619047619 0.57877271875 0.2276602857142857 0.579171544921875 0.21492674432234432 0.5747844575195312 0.19833455384615387 0.56561145703125 0.19717695897435897 0.5560396298828125 0.19987801318681317 0.5498578251953125 0.2126115553113553 0.54846193359375 0.22418750183150182 0.5556408037109375 0.23923623223443224 0.5618226088867188 0.24348074652014653
0 0.58604817578125 0.28245310036630034 0.59542058984375 0.28901280366300364 0.6049924165039062 0.29595837142857145 0.6123706997070313 0.2847682893772894 0.6193501567382812 0.2701054234432234 0.6203472221679688 0.24811112527472529 0.615162482421875 0.2253450967032967 0.6085818515625 0.21685606886446887 0.5962182416992188 0.21917125787545788 0.5834558061523437 0.2253450967032967 0.57827106640625 0.23769277289377289 0.5752798706054687 0.25467082783882783 0.5788693056640625 0.2774368564102564 0.58604817578125 0.28245310036630034
0 0.639529001953125 0.08913478974358974 0.6532885034179687 0.08990651941391942 0.6614644384765626 0.08566200586080587 0.6664497651367187 0.06906981538461539 0.6708368525390624 0.052477624908424905 0.6708368525390624 0.03318438095238095 0.6652532866210937 0.018907379487179486 0.6580744165039063 0.013505271062271063 0.6512943725585938 0.014277000732600732 0.6437166762695312 0.023923623443223442 0.632549544921875 0.04012994871794872 0.6307548276367188 0.061738382417582414 0.6351419150390625 0.08411854652014653 0.639529001953125 0.08913478974358974
0 0.7038414467773437 0.18907379633699634 0.7114191430664063 0.17788371501831501 0.7164044692382813 0.16707949816849815 0.7185980131835937 0.15820460512820514 0.7191962524414063 0.1462427934065934 0.715008578125 0.13621030622710623 0.7098238383789063 0.12656368424908426 0.70025201171875 0.12772127912087913 0.6934719677734374 0.1373679010989011 0.6878884018554687 0.14277000952380953 0.6860936845703125 0.1555035509157509 0.6854954453125 0.17325333626373626 0.6962637504882813 0.18212822857142857 0.7038414467773437 0.18907379633699634
0 0.68145588671875 0.09144997948717949 0.6858429741210937 0.11961811648351649 0.69701010546875 0.12887887326007325 0.7071801713867187 0.12463435970695971 0.7127637368164063 0.12116157582417582 0.7191449545898437 0.10997149377289377 0.7235320419921875 0.09569449304029304 0.7257255859375 0.07833057289377289 0.7207402592773438 0.05826559853479854 0.710570193359375 0.04476032747252747 0.701197779296875 0.045146191941391946 0.6946171484375 0.05595040952380952 0.68923299609375 0.06251011208791209 0.68145588671875 0.07562951868131867 0.68145588671875 0.09144997948717949
0 0.6899650244140625 0.38354970183150183 0.6945515249023437 0.39281045934065933 0.703724525390625 0.38702248571428577 0.712299287109375 0.393582189010989 0.7194781572265625 0.3931963238095238 0.7232670053710938 0.3785334578754579 0.7274546796875 0.36387059194139193 0.7300470493164063 0.35113705054945055 0.725859375 0.3426480234432235 0.7178828525390625 0.33647418461538464 0.7148916567382813 0.32991448205128204 0.7091086782226562 0.3237406432234432 0.7009327426757812 0.32258304908424906 0.6927568071289063 0.3341589956043956 0.6873726547851563 0.3480501318681319 0.6871732416992188 0.36116953772893773 0.6899650244140625 0.38354970183150183
0 0.7555548217773438 0.10302592600732602 0.7607395610351563 0.11807465641025641 0.7703113881835938 0.13157992747252747 0.7776896713867187 0.12887887326007325 0.780282041015625 0.12038984615384617 0.7844697153320312 0.11074322344322345 0.79543743359375 0.09299343882783882 0.799625107421875 0.07910230256410257 0.793443302734375 0.06096665274725275 0.7874609111328125 0.04244513772893773 0.781079693359375 0.040901678388278385 0.771707279296875 0.04861897655677656 0.7583466044921875 0.05402108498168499 0.7547571694335937 0.06829808571428572 0.7537601040039063 0.08643373553113554 0.7555548217773438 0.10302592600732602
0 0.7649272353515625 0.20257906813186813 0.7689154965820313 0.2006497435897436 0.7705108012695312 0.18984552673992672 0.7689154965820313 0.17826957948717947 0.7653260615234375 0.16746536263736264 0.759343669921875 0.16515017362637363 0.7527630385742188 0.16515017362637363 0.7447865166015625 0.1747967956043956 0.7407982553710938 0.18482928278388278 0.7407982553710938 0.20026387838827836 0.7481765385742187 0.2122256901098901 0.7579477783203125 0.20257906813186813 0.7649272353515625 0.20257906813186813
0 0.8052086733398437 0.1693946871794872 0.8083992822265625 0.1555035509157509 0.8068039775390625 0.14199827985347985 0.8008215859375 0.12694954945054945 0.795038607421875 0.12772127912087913 0.7840708891601562 0.13389511721611722 0.7790855625 0.14508519926739927 0.7768920190429688 0.15781874065934068 0.7774902583007812 0.17325333626373626 0.7848685415039063 0.17942717435897435 0.795038607421875 0.17634025494505495 0.8052086733398437 0.1693946871794872
0 0.87186439453125 0.03549956996336996 0.8593013720703125 0.042831002930402935 0.8527207407226562 0.057879733333333336 0.8469377622070312 0.06868395091575091 0.8449436318359375 0.0810316271062271 0.842750087890625 0.09492276336996336 0.8431489140625 0.10495525054945054 0.8525213276367187 0.12309090036630037 0.8670784809570312 0.13235165787545786 0.8816356342773437 0.1250202249084249 0.8860227216796875 0.11267254798534798 0.8965916137695312 0.08411854652014653 0.8949963095703125 0.06443943663003662 0.8882162651367187 0.0439885978021978 0.87964150390625 0.04167340805860806 0.8746561772460938 0.04012994871794872 0.87186439453125 0.03549956996336996
0 0.8309354995117187 0.2951866417582417 0.83631965234375 0.31447988644688646 0.8434985224609375 0.3279851575091575 0.8520732836914062 0.3275992923076923 0.86264217578125 0.3214254542124542 0.872413416015625 0.30599085860805864 0.8766010903320313 0.2866976139194139 0.878994046875 0.264703315018315 0.8740087202148438 0.2442524761904762 0.8666304370117187 0.24193728644688645 0.8558621318359375 0.24232315164835164 0.8468885444335937 0.24232315164835164 0.8383137827148438 0.25621428791208795 0.8317331518554687 0.27434993772893773 0.8309354995117187 0.2951866417582417
0 0.8881095112304688 0.32219718388278384 0.9016695991210938 0.30869191282051284 0.912437904296875 0.29480077655677656 0.9154291000976562 0.2782085860805861 0.9154291000976562 0.262388126007326 0.9110420131835938 0.2469535304029304 0.904660794921875 0.2442524761904762 0.8895054028320313 0.23846450256410257 0.87873709765625 0.2373069076923077 0.8791359233398437 0.25621428791208795 0.8789365107421875 0.2782085860805861 0.8785376845703124 0.30097461465201464 0.8785376845703124 0.321039589010989 0.8881095112304688 0.32219718388278384
0 0.9467639858398438 0.29557250622710624 0.9447698549804687 0.31795267032967034 0.9547405078125 0.326055832967033 0.9623182041015625 0.32914275238095236 0.9665058784179688 0.3229689135531136 0.9708929658203125 0.3229689135531136 0.97647653125 0.3275992923076923 0.9794677275390625 0.332229671062271 0.9812624448242188 0.332229671062271 0.9876436625976562 0.3256699677655678 0.9888401411132812 0.313708156043956 0.9872448364257812 0.2963442366300366 0.9824589233398437 0.2944149120879121 0.9816612709960938 0.2847682893772894 0.9778724228515625 0.2820672351648352 0.972288857421875 0.2820672351648352 0.9651099873046876 0.2789803164835165 0.9597258344726562 0.2801379106227106 0.9561363994140625 0.2847682893772894 0.9467639858398438 0.29557250622710624
0 0.75478073828125 0.9353364959706959 0.7607631303710938 0.9480700373626373 0.7735255659179687 0.9484559018315019 0.7799067836914062 0.942667928937729 0.7894786108398437 0.9469124424908425 0.7976545463867187 0.9457548476190476 0.8044345903320312 0.9434396586080586 0.805631068359375 0.928005063003663 0.8084228515625 0.915657386080586 0.8070269599609375 0.8944348175824176 0.8006457421875 0.8855599245421246 0.7934668720703125 0.8712829238095238 0.7757191098632813 0.8720546534798536 0.7639537392578125 0.8766850322344322 0.7545813256835937 0.8871033846153847 0.74780128125 0.9110270073260073 0.75478073828125 0.9353364959706959
2 0.7529860209960938 0.857005923076923 0.7593672387695313 0.8550765985347984 0.7649508046875 0.8519896791208791 0.7709331962890625 0.8462017062271062 0.7697367177734376 0.8307671106227107 0.7639537392578125 0.819962893040293 0.7583701733398438 0.8091586761904762 0.7493965859375 0.8060717575091575 0.7446106723632813 0.8280660564102564 0.7418188896484375 0.8438865164835165 0.7472030424804688 0.8539190036630037 0.7529860209960938 0.857005923076923
2 0.7416194765625 0.8442723816849816 0.741220650390625 0.8323105699633699 0.7312499975585938 0.8265225963369963 0.7200828662109375 0.8284519208791209 0.71449930078125 0.8350116241758241 0.71290399609375 0.8600928417582417 0.7226752358398437 0.8705111941391941 0.7352382587890625 0.8712829238095238 0.74241712890625 0.862793895970696 0.7416194765625 0.8442723816849816
2 0.6101773872070313 0.8813154109890109 0.6025996909179687 0.8651090857142858 0.5930278642578125 0.8670384102564104 0.58545016796875 0.8782284923076923 0.58385486328125 0.8913478981684981 0.5890396030273437 0.9090976835164835 0.6006055600585938 0.9044673047619047 0.6073856044921875 0.8955924117216116 0.6101773872070313 0.8813154109890109
2 0.6160814462890625 0.815332515018315 0.62485562109375 0.8049141626373627 0.6274479907226562 0.784463323076923 0.62405796875 0.7690287274725275 0.61707851171875 0.7597679706959707 0.6061107934570312 0.7609255648351648 0.5967383793945312 0.7701863223443223 0.5897589223632812 0.7952675406593407 0.5989319233398438 0.8099304065934065 0.6053131411132813 0.8118597304029304 0.6160814462890625 0.815332515018315
2 0.5278440561523438 0.6413074490842491 0.52265931640625 0.6251011238095238 0.5172751640625 0.616612095970696 0.5065068588867188 0.6193131501831501 0.49853033642578126 0.6289597721611722 0.49773268408203125 0.6428509084249084 0.5019203583984375 0.6598289633699633 0.5069056850585938 0.6683179912087912 0.5196681206054687 0.6636876124542125 0.5256505126953125 0.6548127201465201 0.5278440561523438 0.6413074490842491
2 0.6450011923828125 0.8164901091575091 0.6511829970703125 0.8045282974358974 0.6553706713867188 0.7848491882783883 0.6545730190429687 0.7698004578754578 0.6434058876953125 0.7628548893772894 0.6304440390625 0.7670994036630037 0.6270540170898438 0.7817622688644689 0.6266551909179687 0.7987403245421246 0.6332358217773437 0.815332515018315 0.6450011923828125 0.8164901091575091
2 0.8550487670898438 0.8261367318681319 0.8496646142578125 0.8118597304029304 0.8365033525390625 0.8080010820512821 0.8279285908203124 0.8207346234432233 0.8267321127929688 0.834625758974359 0.8327145043945312 0.8485168952380953 0.8418875053710938 0.8481310307692308 0.84986402734375 0.8411854622710622 0.8550487670898438 0.8261367318681319
2 0.8458757661132813 0.7211814813186813 0.8386968959960938 0.7211814813186813 0.828526830078125 0.7269694549450549 0.828526830078125 0.7381595362637362 0.8339109829101562 0.7582245106227106 0.8426851572265625 0.7578386461538461 0.8534534624023438 0.7493496183150182 0.8520575712890625 0.733143293040293 0.8458757661132813 0.7211814813186813
2 0.8416880922851563 0.756295186080586 0.830919787109375 0.7566810512820513 0.8273303520507812 0.7771318908424908 0.8341103959960937 0.784463323076923 0.8450781142578125 0.7829198637362638 0.852256984375 0.7755884307692308 0.8524563974609375 0.7601538351648353 0.8416880922851563 0.756295186080586
2 0.405811107421875 0.24421000586080585 0.398562759765625 0.2318344981684982 0.39152759912109375 0.230596947985348 0.38577155859375 0.23100946446886447 0.3789495849609375 0.24379748864468864 0.3783100249023437 0.26442333333333334 0.38449243896484375 0.276798841025641 0.39387265283203127 0.28133652673992676 0.404745173828125 0.2718486380952381 0.4070902275390625 0.261535715018315 0.405811107421875 0.24421000586080585
2 0.40496008984375 0.2788614249084249 0.3968589956054687 0.27927394212454215 0.38641284814453125 0.2833991113553114 0.383428234375 0.2982497194139194 0.39174251513671876 0.3118627772893773 0.40197547607421874 0.3188755648351648 0.40730514306640625 0.30567502344322345 0.4094370102539063 0.2866992461538462 0.40496008984375 0.2788614249084249
2 0.438371359375 0.2788614249084249 0.43176257177734373 0.2681359860805861 0.4243010380859375 0.27019856996337 0.4170526904296875 0.27844890842490844 0.41449445068359375 0.3011373377289377 0.420463677734375 0.32382576776556776 0.433681251953125 0.31970059853479854 0.44199553271484376 0.3135128446886447 0.44242190625 0.29041189816849816 0.438371359375 0.2788614249084249
2 0.3961603955078125 0.3923035728937729 0.40085050244140624 0.3704401772893773 0.3976527021484375 0.3506393663003663 0.384648314453125 0.34775174798534797 0.37398898046875 0.35228943369963367 0.36780656640625 0.36342738974358973 0.36610107275390624 0.38157813333333335 0.3688725 0.3968412586080586 0.37612084716796873 0.40674166446886445 0.3831560078125 0.40137894505494504 0.3961603955078125 0.3923035728937729
2 0.3472660415039063 0.417467104029304 0.34683966796875 0.42901757728937734 0.35707262890625 0.43438029670329675 0.3626154829101563 0.42612995897435896 0.3651737231445312 0.4017914615384615 0.3568594423828125 0.40220397875457875 0.3472660415039063 0.417467104029304
2 0.3737011904296875 0.44098056703296706 0.3788176708984375 0.45954382783882786 0.3875583251953125 0.4690317164835165 0.39608579248046877 0.4624314461538462 0.40098908642578124 0.4488183882783883 0.39757809912109376 0.4269549926739926 0.38862425830078123 0.4215922732600732 0.37753855078125 0.42612995897435896 0.3737011904296875 0.44098056703296706
2 0.43459649755859375 0.4467558036630037 0.4279877099609375 0.44221811794871796 0.41796793603515625 0.4471683208791209 0.4096536552734375 0.45211852380952383 0.4090140952148438 0.4620189296703297 0.40880090869140623 0.4743944366300366 0.41050640185546877 0.48594490989010986 0.41796793603515625 0.4950202813186813 0.42884045703125 0.4937827304029304 0.43694155078125 0.48016967326007326 0.4422712182617187 0.46160641245421247 0.43459649755859375 0.4467558036630037
2 0.432969806640625 0.4339677802197803 0.43893903369140624 0.4191171714285714 0.4434159541015625 0.4009664278388278 0.4342489267578125 0.3885909208791209 0.42508189892578124 0.38817840366300366 0.41804673828125 0.3906535054945055 0.4116511376953125 0.4017914615384615 0.40824015087890625 0.42447989157509153 0.41463575146484377 0.43479281391941393 0.42337640576171875 0.43974301684981687 0.432969806640625 0.4339677802197803
2 0.5124657133789062 0.3291884871794872 0.5188613139648437 0.31763801391941393 0.5165162602539063 0.3011373377289377 0.5099074731445312 0.2982497194139194 0.49818220556640624 0.296599652014652 0.4905074848632813 0.2998997868131868 0.48816243115234376 0.3114502600732601 0.4958371518554687 0.3312510717948718 0.5041514326171875 0.3357887575091575 0.5124657133789062 0.3291884871794872
2 0.5150239536132812 0.3320761054945055 0.5032986860351563 0.3329011391941392 0.49690308544921874 0.34486412967032964 0.49477121826171877 0.367552558974359 0.49477121826171877 0.3890034380952381 0.5022327524414063 0.3956037084249084 0.5137448334960938 0.3960162249084249 0.5241909809570312 0.3865283362637363 0.52845471484375 0.36631500805860806 0.5250437275390625 0.3419765113553113 0.5150239536132812 0.3320761054945055
2 0.4902942978515625 0.2945370673992674 0.5026591259765625 0.2747362564102564 0.5084151665039063 0.261535715018315 0.5050041791992187 0.2404973531135531 0.49690308544921874 0.22935939706959707 0.48816243115234376 0.22770932967032967 0.4779294702148438 0.22729681245421246 0.473665736328125 0.23843476923076923 0.470681123046875 0.26318578315018315 0.47728991015625 0.28174904322344324 0.4851778173828125 0.2953621010989011 0.4902942978515625 0.2945370673992674
2 0.4785690302734375 0.17531968278388277 0.473665736328125 0.18480757142857143 0.4775030966796875 0.20130824761904761 0.48432507080078124 0.20955858608058606 0.49199979150390627 0.20089573113553114 0.4945580317382812 0.18563260586080588 0.486030564453125 0.1749071663003663 0.4785690302734375 0.17531968278388277
2 0.5392961098632812 0.097353989010989 0.528636775390625 0.0981790227106227 0.5239466684570312 0.11385466446886447 0.5235202954101562 0.1390181956043956 0.5320477626953125 0.15221873626373625 0.5405752299804687 0.1567564227106227 0.5516609375 0.15015615238095237 0.5554982978515625 0.12664268864468864 0.5561378579101562 0.11302963076923077 0.5520873110351563 0.10271670842490842 0.5392961098632812 0.097353989010989
2 0.6084016977539063 0.08869113406593407 0.6047775244140625 0.07672814358974359 0.5934786298828125 0.06352760293040292 0.5828192958984375 0.06641522124542125 0.5747182016601563 0.07384052527472527 0.5700280947265625 0.09652895457875457 0.5759973217773438 0.12004241831501831 0.5877225893554687 0.12293003663003663 0.6020060971679687 0.12746772234432233 0.611599498046875 0.11096704615384616 0.6084016977539063 0.08869113406593407
2 0.5524976274414063 0.2714361208791209 0.5580404814453125 0.26277326593406597 0.5514316938476562 0.2367847010989011 0.5411987329101563 0.22605926153846154 0.5350163193359375 0.22894687985347986 0.5273415986328125 0.2376097347985348 0.524996544921875 0.2586480967032967 0.5292602788085937 0.2718486380952381 0.5382141196289062 0.28174904322344324 0.5471679604492188 0.27721135750915754 0.5524976274414063 0.2714361208791209
2 0.5499393872070313 0.35228943369963367 0.5548426811523437 0.34486412967032964 0.5605987216796875 0.3279509362637363 0.5554822412109375 0.31392536190476195 0.544396533203125 0.29701216849816847 0.5350163193359375 0.3011373377289377 0.52755478515625 0.308975158974359 0.5239306118164062 0.3267133860805861 0.5254229184570313 0.3386763758241758 0.5320317055664062 0.34775174798534797 0.5407723598632812 0.3568271194139194 0.5499393872070313 0.35228943369963367
2 0.6422022861328125 0.3106252263736264 0.6517956870117187 0.30691257435897434 0.6543539272460938 0.28711176336996336 0.6515825004882813 0.27308618827838826 0.6447605263671875 0.2623607494505495 0.6351671254882812 0.26112319853479854 0.6245077915039062 0.2718486380952381 0.6204572446289063 0.28958686446886445 0.6232286713867188 0.30154985494505493 0.63026383203125 0.3143378783882784 0.6422022861328125 0.3106252263736264
2 0.6893165439453125 0.28051149304029305 0.6925143442382813 0.2821615604395604 0.7046659853515626 0.27927394212454215 0.7117011455078125 0.2648358505494506 0.7080769721679687 0.24792265787545786 0.7001890649414062 0.2376097347985348 0.6899561040039063 0.2326595326007326 0.6822813833007813 0.2334845663003663 0.6754594091796875 0.24379748864468864 0.6750330356445312 0.261535715018315 0.681855009765625 0.2743237391941392 0.6893165439453125 0.28051149304029305
2 0.7212945463867187 0.21574633919413921 0.7108483989257812 0.20378334945054943 0.6959253310546875 0.20832103516483516 0.692087970703125 0.21945899120879123 0.6927275307617188 0.2338970827838828 0.7001890649414062 0.24214742124542124 0.7091429052734375 0.24462252234432233 0.7174571860351563 0.24008483663003663 0.7212945463867187 0.21574633919413921
2 0.8287757143554687 0.32300073333333335 0.8251515405273437 0.30980019267399267 0.817903193359375 0.3007248212454212 0.8053251787109375 0.2998997868131868 0.7976504580078125 0.30691257435897434 0.7931735375976563 0.32423828424908424 0.7946658447265625 0.34445161245421246 0.8053251787109375 0.35888970402930404 0.8172636333007812 0.3531144673992674 0.8257911005859375 0.3432140615384615 0.8287757143554687 0.32300073333333335
2 0.8355976879882813 0.17160703076923076 0.8422064755859375 0.1538688043956044 0.8428460356445312 0.13118037435897434 0.839861421875 0.1163297663003663 0.8336790078125 0.10312922564102563 0.8238724204101563 0.10560432673992673 0.8048988056640625 0.10725439413919413 0.8021273784179688 0.11962990109890109 0.8068174858398437 0.1361305772893773 0.8123603393554687 0.15923152380952382 0.8240856069335938 0.17861981831501833 0.8355976879882813 0.17160703076923076
2 0.7816614565429687 0.34940181538461534 0.7918944174804687 0.3357887575091575 0.7970108979492188 0.32176318315018315 0.7955185913085937 0.3027874051282051 0.7935999111328125 0.28628672967032964 0.782087830078125 0.2763863238095238 0.7690834423828125 0.2747362564102564 0.762687841796875 0.2887618307692308 0.7518153208007813 0.2990747531135531 0.751388947265625 0.31516291282051284 0.7571449877929688 0.33908889304029305 0.7650328955078125 0.3485767816849817 0.7816614565429687 0.34940181538461534
2 0.7857339892578125 0.17531968278388277 0.7776328955078124 0.18852022417582417 0.78189662890625 0.21120865347985346 0.7929823369140625 0.21079613626373625 0.7978856303710937 0.2041958659340659 0.7970328837890625 0.18522008864468864 0.7934087099609375 0.17531968278388277 0.7857339892578125 0.17531968278388277
2 0.669232642578125 0.664394021978022 0.6581718408203125 0.6666709032967033 0.6515824272460937 0.6853413318681318 0.6534651166992187 0.7094762754578755 0.6711153325195313 0.7085655230769231 0.6833528154296875 0.7017348783882784 0.685941513671875 0.6862520842490842 0.680999453125 0.6744123003663004 0.669232642578125 0.664394021978022
2 0.6158113232421875 0.7545585296703297 0.6351088920898438 0.7550139054945055 0.6480523837890625 0.7381649824175824 0.6496997373046876 0.6999133736263736 0.6482877202148437 0.6871628373626374 0.6327555302734374 0.6853413318681318 0.613222625 0.6903504710622711 0.6052211938476563 0.7049225128205129 0.6052211938476563 0.7299682095238096 0.6158113232421875 0.7545585296703297
2 0.46941747509765624 0.29827147692307693 0.4682407939453125 0.29053007985347984 0.4581213369140625 0.27960104835164834 0.4496492333984375 0.28415481098901096 0.4447071728515625 0.3041913684981685 0.448943224609375 0.3233171728937729 0.4597686904296875 0.32787093626373626 0.46847613037109376 0.3110220131868132 0.46941747509765624 0.29827147692307693
2 0.7005125112304688 0.7828231106227107 0.70222986328125 0.7685813318681319 0.6965871352539063 0.7552890051282051 0.6877550385742187 0.7519659230769231 0.67745092578125 0.7567131831501832 0.6705815170898437 0.7676318798534799 0.6767149174804687 0.7785505772893773 0.6848110063476562 0.793267082051282 0.6938884389648438 0.792792356043956 0.7005125112304688 0.7828231106227107
2 0.7486393076171876 0.7942165340659341 0.7542820361328125 0.7785505772893773 0.7486393076171876 0.7647835245421246 0.7429965791015625 0.7524406490842491 0.7344098188476562 0.7524406490842491 0.7255777221679688 0.7605109904761905 0.721897681640625 0.7757022212454213 0.7248417138671875 0.793267082051282 0.7317111225585937 0.8018121494505495 0.7373538510742188 0.8022868754578756 0.7486393076171876 0.7942165340659341
2 0.7750412158203125 0.7472186637362638 0.7836279765625 0.754339553113553 0.7902520493164062 0.7614604424908424 0.7971214575195312 0.7704802358974359 0.8064442265625 0.7681066058608059 0.8169936752929687 0.7567131831501832 0.8209190512695312 0.732027432967033 0.8118416186523437 0.7120889428571429 0.8003108256835938 0.7063922307692309 0.7929507451171875 0.6992713413919415 0.78289196875 0.7097153128205128 0.7738145356445313 0.7234823655677656 0.7750412158203125 0.7472186637362638
2 0.8896387221679688 0.6978471633699633 0.89135607421875 0.6736361399267399 0.884732001953125 0.6470514857142857 0.8705025126953125 0.6470514857142857 0.8594623916015625 0.6475262117216117 0.8511209672851563 0.6669899765567766 0.8528383193359375 0.7006955194139194 0.86731314453125 0.7149372981684982 0.8817879697265625 0.7078164087912088 0.8896387221679688 0.6978471633699633
2 0.6807596923828125 0.8227000915750916 0.6810050288085937 0.8113066688644688 0.6812503647460938 0.793267082051282 0.6702102436523437 0.7813989333333333 0.6564714267578124 0.7828231106227107 0.65303672265625 0.7994385194139194 0.6520553784179688 0.8198517355311354 0.6574527709960938 0.8374165963369964 0.6726636040039062 0.8359924183150182 0.6807596923828125 0.8227000915750916
0 0.7515881728515625 0.7068669567765568 0.7508521645507813 0.6912010000000001 0.7513428369140625 0.6788581252747253 0.7466814526367187 0.6674647018315019 0.73662267578125 0.6641416205128206 0.7221478505859374 0.6660405245421245 0.71282508203125 0.6883526446886447 0.7150331059570313 0.7130383941391941 0.7275452431640625 0.7234823655677656 0.7442280922851563 0.7163614761904762 0.7515881728515625 0.7068669567765568
0 0.6946085268554687 0.6693636058608059 0.6987792392578125 0.6484756637362638 0.6985339033203125 0.632809706959707 0.6943631909179687 0.6119217648351648 0.6870031103515625 0.6024272454212454 0.6769443334960937 0.6062250527472528 0.6688482451171875 0.6204668322344322 0.6624695087890625 0.6399305963369963 0.6617335004882813 0.6612932644688645 0.677435005859375 0.6698383318681319 0.6946085268554687 0.6693636058608059
0 0.6433332993164063 0.6389811443223443 0.6563361083984375 0.6380316923076923 0.6730189575195312 0.6171437501831502 0.6749816455078125 0.5938821780219781 0.6740003012695313 0.5777414952380951 0.666149548828125 0.5668227985347986 0.6595254765625 0.5663480725274725 0.6499573715820313 0.5815393032967033 0.641861283203125 0.5991041633699634 0.6367092265625 0.6228404615384615 0.6433332993164063 0.6389811443223443
0 0.6371998989257812 0.5079567787545788 0.6256691059570313 0.5122293128205128 0.6097222646484375 0.5136534908424909 0.6026075200195312 0.5255216395604395 0.5962287836914063 0.5563788271062271 0.60113550390625 0.57489313992674 0.6021168481445313 0.5991041633699634 0.6099676005859375 0.6100228608058608 0.6175730170898438 0.6199921062271062 0.6271411220703125 0.6214162842490842 0.6318025063476562 0.6128712168498168 0.6408799389648437 0.598154712087912 0.64824001953125 0.5848623846153846 0.6551094282226563 0.574418413919414 0.6582987963867187 0.5601766351648352 0.6578081245117188 0.5445106783882784 0.6531467397460937 0.5316930769230769 0.6457866591796875 0.5193502021978021 0.6371998989257812 0.5079567787545788
0 0.5640994306640625 0.694998808058608 0.57268619140625 0.6883526446886447 0.5778382475585937 0.6665152505494506 0.5704781669921875 0.6423042263736264 0.5596833823242188 0.6389811443223443 0.5503606137695313 0.6451525816849817 0.5464352373046875 0.655596553113553 0.543736541015625 0.6660405245421245 0.543736541015625 0.6836053846153847 0.5501152778320313 0.693099904029304 0.5640994306640625 0.694998808058608
0 0.6062972260742188 0.6897768227106227 0.6104679384765626 0.674110865934066 0.6089959223632813 0.6513240197802198 0.6033531938476563 0.6394558703296703 0.5942757612304688 0.6380316923076923 0.5827449682617187 0.6498998417582418 0.5773475756835937 0.6627174424908425 0.578819591796875 0.6916757260073261 0.5952571049804688 0.7002207934065934 0.5996731533203125 0.6983218893772893 0.6062972260742188 0.6897768227106227
0 0.6188093627929687 0.6831306586080585 0.6308308276367187 0.6831306586080585 0.637209564453125 0.6731614139194139 0.6389269165039062 0.6541723750915751 0.631812171875 0.6394558703296703 0.6222440673828125 0.6252140915750916 0.6153746586914063 0.634708610989011 0.6089959223632813 0.6503745677655678 0.6089959223632813 0.6684141538461539 0.6097319301757812 0.6788581252747253 0.6188093627929687 0.6831306586080585
0 0.5677538857421875 0.5824887553113554 0.57192459765625 0.5668227985347986 0.5726606059570313 0.5445106783882784 0.5621111572265625 0.5326425289377289 0.5525430522460938 0.5321678029304029 0.5434656196289063 0.5416623223443223 0.5400309155273437 0.5601766351648352 0.5432202836914063 0.5796403992673993 0.5549964125976562 0.5843876586080586 0.5677538857421875 0.5824887553113554
0 0.5427296118164062 0.5103304087912087 0.5375775551757812 0.4804226732600732 0.5231027299804687 0.47899849523809523 0.5105905932617187 0.4804226732600732 0.5027398403320312 0.49134137069597067 0.5017584965820312 0.5112798608058609 0.5098545849609375 0.5331172549450549 0.5231027299804687 0.5440359523809524 0.5388042353515625 0.533591980952381 0.5427296118164062 0.5103304087912087
0 0.5074012250976563 0.6161942981684982 0.52383873828125 0.6085986827838828 0.530462810546875 0.5767920432234432 0.5265374345703125 0.5563788271062271 0.5196680258789063 0.5397634183150183 0.5076465610351563 0.5316930769230769 0.48998236767578124 0.5316930769230769 0.48139560693359373 0.5497326637362637 0.4732995185546875 0.5763173172161172 0.471091494140625 0.6029019714285714 0.48188627880859375 0.6138206681318682 0.4902277036132813 0.6133459428571428 0.5074012250976563 0.6161942981684982
0 0.58508148828125 0.8772935772893773 0.5948949287109375 0.8692232358974359 0.5956309370117188 0.8630517985347985 0.5978389609375 0.8445374857142858 0.5958762729492187 0.833618789010989 0.5823827919921875 0.833618789010989 0.5728146870117188 0.8440627597069598 0.5728146870117188 0.8640012505494505 0.5774760712890625 0.8763441252747252 0.58508148828125 0.8772935772893773
0 0.8294407114257812 0.6769592212454213 0.8174192465820312 0.6707877838827838 0.8002457250976562 0.6707877838827838 0.7950936689453125 0.6888273706959707 0.8034350932617188 0.7040186014652015 0.8137392060546875 0.7163614761904762 0.8260060068359375 0.7144625721611721 0.8304220551757813 0.7040186014652015 0.8294407114257812 0.6769592212454213
0 0.7837507055664062 0.5103612021978022 0.7982266733398438 0.49355457655677654 0.7988057124023438 0.4666639758241758 0.7840402250976563 0.4459358036630036 0.7762232021484375 0.4308098402930403 0.7634843505859376 0.4302496197802198 0.752482615234375 0.4509777912087912 0.74929790234375 0.4789888344322344 0.752193095703125 0.5103612021978022 0.7698537763671875 0.5187645157509158 0.7837507055664062 0.5103612021978022
0 0.69048253125 0.29635683443223443 0.69019301171875 0.28347175457875456 0.6826655087890625 0.27114689597069597 0.674269447265625 0.2593822578754579 0.6635572309570312 0.26330380366300365 0.6560297275390625 0.28459219633699634 0.654871650390625 0.3109225765567765 0.6681895405273437 0.3204463311355311 0.68411310546875 0.3182054476190476 0.69048253125 0.29635683443223443
2 0.6699266567382812 0.3708662087912088 0.661530595703125 0.35461980366300366 0.65139741796875 0.33501207399267396 0.6334472177734375 0.33277119047619047 0.6227350014648437 0.34845737435897434 0.6172341337890624 0.3815104051282051 0.6195502885742188 0.4100816688644689 0.6389480854492188 0.4207258652014652 0.6589249213867188 0.4151236564102564 0.6681895405273437 0.39159438021978027 0.6699266567382812 0.3708662087912088
0 0.6371444560546875 0.18239514505494506 0.6366474741210938 0.1647646827838828 0.6364818134765625 0.16220025201465202 0.6320089760742188 0.15001920512820513 0.6119640385742188 0.15546862124542124 0.6063315766601562 0.17758683736263736 0.6058345947265625 0.1977817304029304 0.619584427734375 0.20836000732600732 0.6330029399414062 0.196499515018315 0.6371444560546875 0.18239514505494506
0 0.5924160825195313 0.12437489670329671 0.5785005888671875 0.12373378901098901 0.571542841796875 0.13495317435897436 0.56690434375 0.16187969816849818 0.5712115205078125 0.1798307142857143 0.5813168198242188 0.18880622197802197 0.5944040102539062 0.1875240065934066 0.6010304360351563 0.1798307142857143 0.6066628979492188 0.15963582124542125 0.6051719521484376 0.13751760512820513 0.5980485444335938 0.12822154285714285 0.5924160825195313 0.12437489670329671
2 0.5319923046875 0.1937933304029304 0.5379962807617188 0.1965123692307692 0.5424673266601563 0.18637776923076924 0.5395292104492188 0.16981634945054946 0.53224779296875 0.15770426666666668 0.523816677734375 0.15992893479853482 0.5185791665039062 0.1685804227106227 0.516790748046875 0.18242280366300367 0.5188346547851562 0.19008555018315018 0.5272657700195312 0.1965123692307692 0.5319923046875 0.1937933304029304
2 0.5387627456054688 0.19725392527472527 0.5280322353515625 0.19502925714285715 0.5233057006835937 0.1992314087912088 0.5207508173828125 0.21579282857142856 0.5263715610351563 0.22889365274725276 0.5319923046875 0.23037676556776557 0.541700861328125 0.2234555750915751 0.5447667216796875 0.21505127252747253 0.5387627456054688 0.19725392527472527
2 0.5137248881835937 0.25361218974358973 0.5212617939453125 0.24817411208791207 0.525094119140625 0.23482610183150182 0.5201120966796875 0.21826468205128205 0.5125751904296875 0.21035475018315017 0.5058047495117187 0.2143097164835165 0.499417541015625 0.2306239509157509 0.5040163310546875 0.24001699487179487 0.508742865234375 0.24693818534798537 0.5137248881835937 0.25361218974358973
0 0.7368327924804687 0.5725844578754579 0.7257101435546875 0.5716876923076923 0.7143557729492187 0.5820004901098901 0.7129654418945313 0.6044196153846154 0.7231612036132813 0.6254935934065934 0.7389182890625 0.6263903582417583 0.7472602758789062 0.6017293201465201 0.7437844482421875 0.5860359326007326 0.7368327924804687 0.5725844578754579