0 0.18409092236328126 0.293909189010989 0.1823208173828125 0.31249983076923077 0.1864510625 0.3390578901098901 0.1988417978515625 0.3620748747252747 0.2141827080078125 0.3788949787545787 0.241324318359375 0.3859771274725275 0.25843533349609377 0.3709275611721612 0.26492571826171873 0.3425989641025641 0.270826068359375 0.30895875604395606 0.2607954736328125 0.2850565025641026 0.23778410791015625 0.27177747326007323 0.2171328828125 0.2682363985347985 0.19530158740234374 0.278859621978022 0.18409092236328126 0.293909189010989
0 0.19176137744140626 0.47361872307692304 0.2053321826171875 0.4523722761904762 0.21949302294921874 0.4364374402930403 0.224213302734375 0.4001414263736264 0.21241260302734374 0.3788949787545787 0.1905813076171875 0.36915702344322343 0.16520980224609375 0.377124441025641 0.14986889208984375 0.3824360534798535 0.13747815673828126 0.4054530380952381 0.1274475615234375 0.42758475384615385 0.13393794677734375 0.44883120146520145 0.1427884716796875 0.4762745289377289 0.15517920703125 0.48689775311355316 0.17642046728515626 0.4939799018315018 0.19176137744140626 0.47361872307692304
0 0.2442744931640625 0.3983708886446886 0.24958480810546874 0.43024055970695974 0.26433568359375 0.4567986190476191 0.28557694384765625 0.4629954996336997 0.3079982739257813 0.44706066373626374 0.32805946435546873 0.4196173362637362 0.3227491494140625 0.3815507846153846 0.30445806396484376 0.35676326227106225 0.2773164536132813 0.3541074564102564 0.25843533349609377 0.3735833670329671 0.2442744931640625 0.3983708886446886
0 0.3292395341796875 0.07524783443223444 0.33100963916015624 0.045148700366300365 0.30032781884765625 0.02655805934065934 0.2826267685546875 0.032754939926739925 0.28144669873046874 0.054001386813186815 0.2749563134765625 0.08410052087912089 0.28498690869140625 0.11242911721611722 0.2902972236328125 0.11331438608058608 0.3138986240234375 0.08675632673992674 0.3292395341796875 0.07524783443223444
0 0.348710689453125 0.07259202857142857 0.334549849609375 0.07347729743589743 0.318618904296875 0.08498578974358974 0.3079982739257813 0.09472374432234432 0.2985577138671875 0.11597019194139194 0.29442746875 0.14695459487179485 0.29501750390625 0.18059480293040295 0.3074082392578125 0.2000707128205128 0.3292395341796875 0.22485823516483516 0.3457605146484375 0.22220242930402928 0.37231208984375 0.19475910109890113 0.38529285986328127 0.16111889304029303 0.3711320200195313 0.12570814725274726 0.36287152978515624 0.09649428205128206 0.348710689453125 0.07259202857142857
0 0.40889426025390624 0.09737955091575093 0.39827363037109376 0.0699362227106227 0.37880247509765624 0.0699362227106227 0.35992135498046873 0.08498578974358974 0.36346156494140625 0.10357643076923077 0.372902125 0.13367556483516485 0.3835227548828125 0.1425282512820513 0.39414338525390624 0.1363313706959707 0.40299391015625 0.12216707252747251 0.40889426025390624 0.09737955091575093
0 0.46081734130859375 0.11065858021978021 0.4549169912109375 0.09295320732600733 0.4383960107421875 0.0858710586080586 0.41892485546875 0.08941213260073261 0.40948429541015624 0.10003535677655677 0.4035839453125 0.11597019194139194 0.4006337705078125 0.12836395311355311 0.4006337705078125 0.15669254945054945 0.41243447021484375 0.17085684761904762 0.4354458359375 0.19210329523809525 0.45550702587890624 0.18413587765567765 0.45609706103515624 0.15049566886446888 0.46553762109375 0.13367556483516485 0.46081734130859375 0.11065858021978021
0 0.4844187412109375 0.1425282512820513 0.47556821630859375 0.13190502783882785 0.4667176909179688 0.13279029597069597 0.45668709619140624 0.14695459487179485 0.4519668159179687 0.1655452358974359 0.45550702587890624 0.1814800717948718 0.4649475859375 0.1983001758241758 0.47969846142578126 0.2000707128205128 0.48795895166015624 0.18413587765567765 0.49090912646484375 0.15757781831501833 0.4844187412109375 0.1425282512820513
0 0.34907868359375 0.4070111113553113 0.3573999873046875 0.41075661245421247 0.3702980078125 0.4020171098901099 0.38818881005859374 0.3945261076923077 0.39526191796875 0.38016835384615383 0.39942256982421875 0.3626893487179487 0.38652454931640623 0.34208909304029306 0.3727943984375 0.3314768402930403 0.36239276904296874 0.33959209304029303 0.3507429443359375 0.3527013465201465 0.3440859013671875 0.3676833501831502 0.3411734453125 0.39140485714285717 0.34907868359375 0.4070111113553113
0 0.356983921875 0.4113808622710623 0.3598963779296875 0.43198111794871796 0.366969486328125 0.45320562344322346 0.37945144140625 0.4519571230769231 0.3923494619140625 0.4463388717948718 0.400670765625 0.4344781186813187 0.398590439453125 0.41762336410256407 0.3890209404296875 0.3982716087912088 0.37820324609375 0.39764735824175823 0.366969486328125 0.4051383604395605 0.356983921875 0.4113808622710623
0 0.34783048779296877 0.39764735824175823 0.3316039462890625 0.38890785641025644 0.327859359375 0.40888386153846157 0.3282754248046875 0.4257386161172161 0.3361806630859375 0.4482116227106227 0.35781605224609375 0.4482116227106227 0.36114457373046877 0.43010836776556777 0.356983921875 0.4113808622710623 0.34783048779296877 0.39764735824175823
0 0.16642607080078126 0.6985359406593407 0.16184935400390624 0.686050936996337 0.144790681640625 0.677935684981685 0.12939627001953125 0.6941661897435897 0.12315529248046875 0.7172634461538462 0.12481955322265625 0.739736452014652 0.14354248583984375 0.7484759545787546 0.17183491796875 0.7378637010989011 0.17474737451171876 0.7103966937728938 0.16642607080078126 0.6985359406593407
0 0.204288001953125 0.6823054358974359 0.21968241357421875 0.6810569362637362 0.23798928125 0.6766871846153846 0.24589451953125 0.6623294307692308 0.24839091064453125 0.6392321743589744 0.24589451953125 0.6236259201465201 0.22717158642578125 0.6180076688644689 0.21468963134765626 0.6254986710622711 0.19887915478515625 0.6404806747252747 0.19679882861328124 0.6648264315018315 0.204288001953125 0.6823054358974359
0 0.4185615678710938 0.46319362637362643 0.4181455029296875 0.4962788857142857 0.427715001953125 0.5193761421245421 0.43811663134765627 0.5218731421245422 0.448934326171875 0.5131336402930403 0.46557693310546877 0.5006486366300367 0.47556249755859376 0.48629088278388277 0.4734821713867188 0.4694361282051282 0.46557693310546877 0.4519571230769231 0.4564234990234375 0.44446612161172155 0.43312384912109375 0.44134487032967035 0.4185615678710938 0.46319362637362643
0 0.415233046875 0.5474673992673993 0.405247482421875 0.541849147985348 0.39651011376953127 0.5324853956043957 0.3844442236328125 0.5299883948717949 0.3744586591796875 0.5462188989010989 0.37903537646484375 0.5618251531135532 0.382779962890625 0.579928408058608 0.390685201171875 0.5949104124542125 0.40899206884765626 0.5911649113553114 0.4168973076171875 0.5811769084249084 0.42230615478515626 0.5661949047619047 0.415233046875 0.5474673992673993
0 0.532147361328125 0.5025213868131868 0.5292349052734375 0.48316963223443227 0.51425655859375 0.4856666322344322 0.5021906684570312 0.5075153882783883 0.5059352553710937 0.5237458930402931 0.51176016796875 0.533733895970696 0.5221617973632813 0.5324853956043957 0.5296509702148438 0.5218731421245422 0.532147361328125 0.5025213868131868
0 0.493869365234375 0.6186319186813186 0.49428543017578125 0.5967831626373626 0.49303723486328127 0.5743101567765567 0.4797231489257813 0.5599524029304029 0.4676572587890625 0.5624494036630037 0.4585038251953125 0.576182906959707 0.45475923828125 0.5874194102564102 0.45725562939453124 0.6042741648351648 0.4597520205078125 0.6317411721611721 0.4672411938476563 0.647971676923077 0.4892926484375 0.6354866732600732 0.493869365234375 0.6186319186813186
0 0.49428543017578125 0.576182906959707 0.49428543017578125 0.598031663003663 0.49428543017578125 0.619880419047619 0.5001103427734375 0.637983673992674 0.516336884765625 0.6367351736263737 0.5292349052734375 0.6286199216117216 0.5367240786132812 0.616134917948718 0.5392204692382813 0.5949104124542125 0.5367240786132812 0.5780556578754579 0.5271545791015625 0.558079652014652 0.5134244287109375 0.555582652014652 0.503022798828125 0.5605766527472528 0.49428543017578125 0.576182906959707
0 0.5866518994140625 0.5487158996336996 0.5958053334960938 0.5480916498168498 0.6074551586914062 0.5443461487179487 0.6124479404296875 0.5206246417582417 0.6057908979492187 0.5012728871794871 0.5924768120117188 0.48691513260073255 0.5808269873046875 0.4931576344322344 0.5737538793945313 0.5025213868131868 0.5700092924804687 0.5162548908424908 0.5704253579101562 0.5424733978021978 0.5787466611328125 0.5487158996336996 0.5866518994140625 0.5487158996336996
0 0.64781348046875 0.49565463516483516 0.6374118510742187 0.5187518915750915 0.641988568359375 0.539976397069597 0.64781348046875 0.5468431494505495 0.6553026538085938 0.5599524029304029 0.6682006743164063 0.5805526586080586 0.6806826298828125 0.5811769084249084 0.69025212890625 0.5649464043956044 0.6952449106445312 0.5562069018315019 0.6885878681640625 0.541849147985348 0.69150032421875 0.5281156439560439 0.686923607421875 0.5125093897435897 0.6748577172851562 0.4987758864468864 0.6607115009765625 0.48941213333333333 0.64781348046875 0.49565463516483516
0 0.6898360634765625 0.6423534256410256 0.6969091713867187 0.6485959267399267 0.7056465400390625 0.6398564249084249 0.7168803002929688 0.6211289194139193 0.7110553876953125 0.5999044139194138 0.7006537583007812 0.5886679106227106 0.6898360634765625 0.5849224095238095 0.6798504995117187 0.5936619120879121 0.6798504995117187 0.6167591684981685 0.6840111508789063 0.627995671062271 0.6898360634765625 0.6423534256410256
0 0.34034131494140624 0.573685906959707 0.34991081396484375 0.5686919054945055 0.366969486328125 0.5624494036630037 0.3707140727539063 0.537479397069597 0.36946587744140624 0.5087638886446887 0.3586481826171875 0.4962788857142857 0.34200557568359374 0.4931576344322344 0.331187880859375 0.5162548908424908 0.32536296826171873 0.5306126446886447 0.3261950986328125 0.5568311516483516 0.3316039462890625 0.571813156043956 0.34034131494140624 0.573685906959707
0 0.2924938193359375 0.6741901838827838 0.30497577490234373 0.65983243003663 0.30664003564453124 0.6336139230769231 0.2958223408203125 0.6286199216117216 0.2829243203125 0.6317411721611721 0.27377088671875 0.646098926007326 0.27876366845703127 0.6673234322344322 0.2924938193359375 0.6741901838827838
0 0.2463105849609375 0.5480916498168498 0.23715715087890624 0.5624494036630037 0.24589451953125 0.5755586571428571 0.263785322265625 0.5786799076923077 0.27751547314453123 0.571813156043956 0.2866689072265625 0.5537099010989012 0.2845885810546875 0.5293641443223442 0.270442365234375 0.5193761421245421 0.25504795361328125 0.5318611450549451 0.2542158232421875 0.533733895970696 0.2463105849609375 0.5480916498168498
0 0.5238260581054688 0.24970006813186815 0.5146726240234375 0.2546940695970696 0.5055191899414062 0.25594256996336995 0.49428543017578125 0.26343357216117214 0.49012477880859373 0.2784155758241758 0.4888765830078125 0.2983915816849817 0.4876283876953125 0.32024033772893773 0.49636575634765623 0.3445860937728938 0.5134244287109375 0.35145284615384614 0.532147361328125 0.33210109084249084 0.5392204692382813 0.3115008351648352 0.5383883388671875 0.28465807765567763 0.5333955571289063 0.2590638205128205 0.5238260581054688 0.24970006813186815
0 0.5941410727539063 0.19851155384615385 0.591644681640625 0.1822810498168498 0.5808269873046875 0.17853554871794872 0.5695932275390625 0.176038547985348 0.55794340234375 0.18290529963369961 0.5500381640625 0.1991358043956044 0.551286359375 0.2228573106227106 0.5596076630859375 0.23346956336996336 0.57125748828125 0.23222106373626372 0.5845715737304688 0.23159681318681322 0.591644681640625 0.22098456043956047 0.5941410727539063 0.19851155384615385
0 0.6403243076171875 0.19851155384615385 0.6394921772460938 0.21224505787545786 0.6415725029296875 0.24345756630036627 0.653222328125 0.24782731794871796 0.6706970654296875 0.237839315018315 0.6835950859375 0.22473006153846153 0.6877557377929687 0.20974805714285716 0.6819308251953125 0.18977205201465203 0.6706970654296875 0.17978404908424908 0.6602954360351563 0.176038547985348 0.6490616762695313 0.17978404908424908 0.6403243076171875 0.19851155384615385
0 0.6706970654296875 0.2927733296703297 0.66112756640625 0.277791326007326 0.6482295458984375 0.27716707545787544 0.6411564379882813 0.28028832673992676 0.6369957861328125 0.2952703304029304 0.6378279165039062 0.3146220857142857 0.6457331547851562 0.3308525904761905 0.6615436313476563 0.3314768402930403 0.672361326171875 0.31899183736263736 0.67693804296875 0.30837958388278386 0.6706970654296875 0.2927733296703297
0 0.7123035830078125 0.31274933553113554 0.723953408203125 0.3002643318681319 0.7306104506835938 0.28715507838827836 0.7418442104492188 0.27529432527472525 0.7468369926757813 0.25781532014652014 0.7410120805664062 0.24408181684981684 0.7281140600585938 0.23346956336996336 0.717296365234375 0.23346956336996336 0.7035662143554687 0.24408181684981684 0.6989894975585937 0.25594256996336995 0.69025212890625 0.2765428256410256 0.6919163896484375 0.304009832967033 0.7123035830078125 0.31274933553113554
0 0.7613992739257812 0.325858589010989 0.76680812109375 0.3077553340659341 0.7663920561523437 0.29402183003663 0.7597350131835937 0.28216107692307696 0.74974944921875 0.26967607326007326 0.7439245366210937 0.27030032380952385 0.7360192983398437 0.28028832673992676 0.7289461904296874 0.29464608058608055 0.7147999741210938 0.312125084981685 0.7135517788085938 0.3264828388278388 0.7197927563476563 0.33959209304029303 0.73518716796875 0.34396184395604396 0.7493333837890624 0.3408405926739927 0.7613992739257812 0.325858589010989
0 0.8079985737304688 0.33834359267399267 0.8063343129882813 0.32773133919413916 0.8009254658203125 0.3171190864468864 0.7930202275390625 0.3052583333333333 0.7838667934570313 0.29714308131868133 0.7730490991210938 0.29402183003663 0.7676402514648437 0.3046340835164835 0.7647277954101562 0.32024033772893773 0.7605671435546875 0.3296040901098901 0.7472530581054687 0.3414648432234432 0.7460048623046875 0.3551983472527473 0.7501655141601562 0.3720531018315018 0.7547422309570313 0.39140485714285717 0.7597350131835937 0.4076353611721612 0.7772097504882812 0.4076353611721612 0.7884435107421875 0.3982716087912088 0.798013009765625 0.3857866051282051 0.8100788999023437 0.3664348498168498 0.8079985737304688 0.3483315948717949 0.8079985737304688 0.33834359267399267
0 0.8863482680664062 0.20583368937728938 0.8981169282226562 0.18615841025641025 0.905178125 0.172537063003663 0.9058506196289062 0.14680785201465202 0.900806908203125 0.13974493113553113 0.8880295048828125 0.13116852747252747 0.8749158544921875 0.1291505501831502 0.8665096684570313 0.13772695384615383 0.8560859975585937 0.14983481831501833 0.8473435639648438 0.16648313113553112 0.8510422861328125 0.19170784761904763 0.8698721430664063 0.20986964395604396 0.8863482680664062 0.20583368937728938
0 0.8480160590820313 0.2749494131868132 0.8540685131835938 0.2522471684981685 0.8507060385742188 0.23963481025641026 0.8456623266601563 0.23156290036630034 0.8338936665039063 0.22904042857142856 0.8248149853515625 0.2214730139194139 0.8167450463867187 0.23509436117216115 0.8167450463867187 0.25123817948717947 0.8140550668945312 0.26586851575091575 0.8160725517578125 0.28251682857142857 0.831876181640625 0.29008424322344323 0.8480160590820313 0.2749494131868132
0 0.8157363041992187 0.26132806666666664 0.8174175415039062 0.24165278754578756 0.814391314453125 0.2305539120879121 0.8043038911132813 0.2209685194139194 0.79354397265625 0.22500447399267398 0.7854740341796875 0.23206739487179487 0.7895090034179687 0.24669773040293042 0.787155271484375 0.2663730095238095 0.7878277661132812 0.28201233406593407 0.7982514370117187 0.2865527831501831 0.8083388603515625 0.2759584021978022 0.8157363041992187 0.26132806666666664
0 0.796906447265625 0.6765269054945054 0.7878277661132812 0.6941842073260074 0.7737053735351562 0.7022561164835165 0.7824478071289063 0.7183999355311356 0.7932077250976562 0.7249583619047619 0.8083388603515625 0.7158774637362637 0.8160725517578125 0.7078055545787546 0.8174175415039062 0.6936797128205128 0.8106925922851562 0.6785448827838828 0.804640138671875 0.6765269054945054 0.796906447265625 0.6765269054945054
0 0.9364491372070313 0.7683448747252748 0.9361128896484375 0.7804527391941392 0.944519076171875 0.7971010520146521 0.95090777734375 0.8011370065934067 0.9589777163085937 0.8137493648351648 0.9737726040039062 0.8097134102564102 0.9825150375976562 0.800632512087912 0.9841962744140625 0.7839841992673993 0.9825150375976562 0.7632999311355312 0.9744450986328125 0.7441291465201465 0.9643576752929688 0.7375707201465201 0.94989903515625 0.7375707201465201 0.9468728081054687 0.7537145391941392 0.9364491372070313 0.7683448747252748
0 0.6538985966796875 0.7694481589743589 0.6593659760742188 0.7760106168498169 0.6659268315429687 0.7702684659340658 0.6675670454101562 0.7690380051282052 0.6733077939453125 0.7616552402930403 0.6798686494140626 0.7485303252747253 0.6763148525390625 0.7313038739926739 0.6664735693359375 0.7189992659340659 0.654992072265625 0.718178958974359 0.6437839443359376 0.7239211091575092 0.6383165649414062 0.7313038739926739 0.6350361372070312 0.7431983282051282 0.639136671875 0.756733397069597 0.6446040512695312 0.7653466227106227 0.6538985966796875 0.7694481589743589
0 0.6856093979492187 0.838764117948718 0.6872496118164062 0.8276899706959707 0.684515921875 0.812924441025641 0.68506266015625 0.7997995252747252 0.6872496118164062 0.7907761465201465 0.6793219116210938 0.7784715384615385 0.6640132485351562 0.7735496952380952 0.6593659760742188 0.7751903091575092 0.6530784897460937 0.7727293875457875 0.6415969926757813 0.7731395413919414 0.6344893989257813 0.7936472212454213 0.6344893989257813 0.8149752087912089 0.635582875 0.832611813919414 0.6440573134765625 0.8465570366300367 0.6541719653320313 0.8547601084249085 0.662099666015625 0.8531194937728939 0.675221376953125 0.8457367289377289 0.6856093979492187 0.838764117948718
0 0.33128562939453127 0.7351487692307692 0.3403353833007812 0.7467870080586081 0.35617245263671876 0.7424226681318681 0.368777466796875 0.733693989010989 0.381059275390625 0.72060096996337 0.3765343984375 0.6890807391941391 0.36619182275390627 0.667259041025641 0.34873872607421874 0.6711384542124542 0.33742653369140624 0.6788972798534799 0.327730369140625 0.6973244923076923 0.32676075244140623 0.718176336996337 0.33128562939453127 0.7351487692307692
0 0.27343184619140626 0.9189359611721611 0.28215839453125 0.9325139069597069 0.28959212109375 0.9397878065934065 0.298641875 0.9397878065934065 0.3102772724609375 0.9344536131868132 0.32449831396484374 0.9228153743589744 0.33354806787109376 0.9034183091575091 0.3222358759765625 0.8738377846153845 0.30833803955078126 0.8651091054945056 0.2921777651367187 0.8655940322344322 0.2828048056640625 0.8762624183150183 0.27310864111328126 0.8845061706959707 0.2698765859375 0.8966293362637363 0.27343184619140626 0.9189359611721611
0 0.29282417578125 0.8675337384615385 0.3009043134765625 0.8651091054945056 0.30736842333984377 0.8437723340659341 0.31286291650390624 0.823890342124542 0.31286291650390624 0.8088576168498168 0.29767225830078126 0.787035917948718 0.28215839453125 0.7909153311355313 0.27181581884765627 0.8141918095238095 0.27181581884765627 0.8369833611721611 0.27407825732421875 0.8558954996336996 0.286683271484375 0.8670488117216117 0.29282417578125 0.8675337384615385
0 0.39301787841796876 0.9397878065934065 0.3972195498046875 0.921845520879121 0.39689634423828124 0.9092374285714285 0.39075543994140627 0.899538895970696 0.38364491943359375 0.8879006571428572 0.3758879873046875 0.8709282249084249 0.3639293842773437 0.8670488117216117 0.349061931640625 0.8806267575091575 0.340012177734375 0.8985690432234432 0.3406585888671875 0.9174811816849817 0.34712269873046875 0.9339686864468866 0.3552028359375 0.9465767787545788 0.3710399052734375 0.9543356051282051 0.38364491943359375 0.9504561919413919 0.39301787841796876 0.9397878065934065
0 0.47091040234375 0.7831565054945056 0.46929437451171874 0.7996440109890111 0.4702639912109375 0.815161663003663 0.47511207373046876 0.8258300483516483 0.4844850327148438 0.8350436542124542 0.49418119775390623 0.8408627743589744 0.501614923828125 0.8408627743589744 0.510664677734375 0.8350436542124542 0.5203608422851562 0.822435561904762 0.5252089248046875 0.7967344505494506 0.5210072534179687 0.7807318717948718 0.5126039106445313 0.7686087062271062 0.5035541567382813 0.7564855406593407 0.4932115810546875 0.7463020813186814 0.4838386220703125 0.7496965677655678 0.47381925146484377 0.764244367032967 0.47091040234375 0.7831565054945056
0 0.7372317280273437 0.9737326703296704 0.745311865234375 0.9514260454212455 0.7417566044921875 0.93493853992674 0.7278587685546875 0.9160264014652015 0.7139609321289062 0.9228153743589744 0.7055575893554688 0.9412425860805861 0.7129913159179687 0.9625793575091575 0.7175161928710938 0.9742175970695971 0.725596330078125 0.979066863003663 0.7372317280273437 0.9737326703296704
0 0.44537716845703124 0.37533321025641025 0.46606231982421875 0.3811523304029304 0.47996015576171874 0.36563467765567764 0.49030273193359375 0.3442979062271062 0.475435279296875 0.3176269421245421 0.45378051123046875 0.311807821978022 0.43406497607421873 0.3263556212454212 0.4230759892578125 0.3379938600732601 0.42889368798828126 0.3559361457875458 0.4398826748046875 0.3719387238095238 0.44537716845703124 0.37533321025641025
2 0.541045994140625 0.08292245347985348 0.5555902412109375 0.08437723369963371 0.5643167895507812 0.07419377435897435 0.567225638671875 0.050917295970695976 0.5588222958984375 0.03103530402930403 0.5478333095703125 0.026670964835164835 0.5355515004882813 0.03345993772893773 0.5323194458007813 0.049947442490842486 0.5323194458007813 0.06352538827838827 0.541045994140625 0.08292245347985348
2 0.5652864057617187 0.12317136336996336 0.554943830078125 0.10037981245421244 0.542662021484375 0.0945606923076923 0.5277945688476563 0.10280444542124542 0.5265017470703125 0.12171658388278388 0.5345818842773438 0.12365629010989011 0.542662021484375 0.12705077655677655 0.5552670356445313 0.12850555677655678 0.5652864057617187 0.12317136336996336
2 0.5261785415039063 0.16099564102564104 0.5423388159179687 0.17166402637362638 0.5607615288085938 0.1643901274725275 0.56690243359375 0.1498423282051282 0.561084734375 0.12996033626373626 0.5481565146484375 0.12705077655677655 0.5329658569335938 0.1275357032967033 0.524562513671875 0.14256842857142857 0.5261785415039063 0.16099564102564104
2 0.6619248481445312 0.08098274725274725 0.6635408754882812 0.0693445076923077 0.6577231767578126 0.0552816358974359 0.6544911215820313 0.03830920366300366 0.6435021352539062 0.03442979047619048 0.6299275043945313 0.03927905714285714 0.620554544921875 0.04897758974358975 0.6166760791015625 0.06449524175824176 0.617322490234375 0.08098274725274725 0.6273418603515625 0.08777172014652014 0.638654052734375 0.09553054578754579 0.6522286831054688 0.0940757663003663 0.6619248481445312 0.08098274725274725
2 0.6396236689453125 0.10668385860805861 0.6383308471679687 0.11977687692307692 0.635745203125 0.14547798827838826 0.6454413681640625 0.15032725494505494 0.6619248481445312 0.14450813553113553 0.6729138349609375 0.12268643736263736 0.663217669921875 0.10474415164835164 0.6564303544921875 0.09795517875457876 0.64802701171875 0.10086473846153846 0.6396236689453125 0.10668385860805861
2 0.6790547392578125 0.10668385860805861 0.6858420546875 0.11735224395604395 0.6990934794921875 0.11444268424908424 0.7049111787109374 0.09650039926739928 0.7003863017578125 0.08001289377289378 0.6971542465820313 0.07807318754578754 0.68745808203125 0.07661840732600732 0.678408328125 0.08825664615384615 0.6790547392578125 0.10668385860805861
2 0.6930610981445312 0.15699464322344323 0.7017963813476562 0.15336954505494504 0.70867309375 0.13914800512820513 0.7047700947265625 0.12074366007326008 0.6962206684570312 0.11600314652014651 0.6872995283203125 0.12102251355311355 0.68674195703125 0.13106124761904764 0.687857099609375 0.14416737216117217 0.6930610981445312 0.15699464322344323
2 0.5289420668945313 0.1884928871794872 0.5257900283203125 0.17520605274725273 0.5178348837890625 0.17137764322344323 0.5139323598632812 0.1652972271062271 0.5085288657226562 0.1625948205128205 0.5037257592773438 0.16552242783882784 0.497721876953125 0.1659728293040293 0.4924684794921875 0.16867523589743588 0.491717994140625 0.1731792476190476 0.490667314453125 0.18106126813186812 0.488716052734375 0.19119529450549452 0.4894665380859375 0.2022301230769231 0.4929187705078125 0.20988694285714285 0.49712148828125 0.22047136996336997 0.5040259536132813 0.2283533904761905 0.5107803217773438 0.22227297435897433 0.5182851752929688 0.2227233758241758 0.5263904165039063 0.21596735824175822 0.5292422612304688 0.2042569282051282 0.5289420668945313 0.1884928871794872
2 0.40323692138671874 0.31903245494505494 0.407568751953125 0.3147937597069597 0.413595646484375 0.3051860505494505 0.4126539443359375 0.29020932820512824 0.4102055185546875 0.277775821978022 0.4077570922851563 0.2633642586080586 0.4019185380859375 0.2608210417582417 0.3938198984375 0.2630816791208791 0.3885463657226563 0.2715590695970696 0.38553291845703125 0.2738197069597069 0.3830844921875 0.28003645934065935 0.3864746206054688 0.28597063296703296 0.383649513671875 0.2958609216117216 0.38553291845703125 0.310272484981685 0.38948806787109375 0.31705439706959704 0.3953266220703125 0.31903245494505494 0.40323692138671874 0.31903245494505494
2 0.4360081611328125 0.3215756717948718 0.4403399916992187 0.3147937597069597 0.44297675830078126 0.3068815289377289 0.44486016259765626 0.29246996556776556 0.44599020556640623 0.2783409816849817 0.4442951411132812 0.26816811355311354 0.435066458984375 0.2585604043956044 0.426779478515625 0.25403912967032966 0.4167974345703125 0.25347396996336996 0.40738041162109373 0.2613862007326007 0.40869879443359375 0.2707113304029304 0.4115239013671875 0.2851228937728938 0.413030625 0.292752545054945 0.411147220703125 0.30490347106227106 0.40738041162109373 0.31790213626373626 0.41284228466796874 0.3286401641025641 0.4198108818359375 0.3269446857142857 0.4269678193359375 0.3280750043956044 0.4360081611328125 0.3215756717948718
2 0.42131760546875 0.38967737435897437 0.417174115234375 0.375265810989011 0.41284228466796874 0.37046195604395604 0.4060620283203125 0.36933163736263735 0.39871675048828126 0.3690490578754579 0.394384919921875 0.3744180717948718 0.39268985546875 0.38176514358974356 0.38892304638671876 0.3939160695970696 0.39250151513671877 0.40832763296703295 0.3977750478515625 0.41850050109890113 0.410017177734375 0.41906566080586083 0.41886917919921873 0.4114360095238095 0.4203759033203125 0.3992850835164835 0.42131760546875 0.38967737435897437
2 0.4653892724609375 0.38063482490842493 0.45804399462890627 0.37809160732600733 0.4527704619140625 0.37639612967032965 0.44787360986328123 0.37639612967032965 0.43977497021484374 0.3738529120879121 0.43619650146484373 0.3814825633699634 0.4346897778320313 0.3922205912087912 0.43525479931640626 0.4046540974358974 0.44184671533203124 0.41906566080586083 0.4491919931640625 0.42189145714285714 0.455407228515625 0.4151095450549451 0.46105744189453124 0.40634957509157515 0.465012591796875 0.3939160695970696 0.4653892724609375 0.38063482490842493
2 0.49119191552734376 0.40437151721611725 0.4859183828125 0.39024253333333336 0.47631301904296874 0.3845909399267399 0.4706628056640625 0.382612882051282 0.46520093212890623 0.3927857509157509 0.4636942084960938 0.39985024249084244 0.45917403759765624 0.41030569084249086 0.45503054736328125 0.4193482402930403 0.45465386669921876 0.43178174578754575 0.4587973564453125 0.44110687545787547 0.46764935791015627 0.4450629912087912 0.4761246787109375 0.4430849333333333 0.4844116591796875 0.4391288175824176 0.49025021337890623 0.43234690549450555 0.4928869794921875 0.4207611384615384 0.49119191552734376 0.40437151721611725
2 0.38383785400390624 0.5055350417582418 0.38402619482421874 0.5185337069597069 0.3923131748046875 0.5289891545787546 0.397963388671875 0.5374665450549451 0.410017177734375 0.5448136168498168 0.41773913671875 0.5473568336996337 0.42564943603515626 0.5425529794871795 0.42809786181640624 0.5267285172161172 0.425461095703125 0.5114692146520147 0.4216942861328125 0.4984705494505494 0.41397232763671876 0.4871673626373626 0.4038019428710938 0.4769944945054945 0.397963388671875 0.48038545054945053 0.39137147265625 0.4939492747252747 0.38383785400390624 0.5055350417582418
2 0.33355095166015625 0.6177191736263736 0.32639401416015623 0.6236533465201466 0.3211204814453125 0.6301526791208791 0.31584694873046876 0.6369345912087911 0.31471690576171873 0.6485203582417582 0.3160352890625 0.6629319216117215 0.32149716259765626 0.671974471062271 0.329784142578125 0.6716918915750916 0.3373177607421875 0.6666054571428571 0.3450397197265625 0.6558674300366301 0.35050159326171876 0.6397603882783882 0.342967974609375 0.6230881875457875 0.33355095166015625 0.6177191736263736
2 0.3587885732421875 0.5643116146520146 0.35295001904296874 0.5688328893772894 0.34541640087890624 0.5733541641025641 0.34183793212890623 0.582114134065934 0.34334465576171874 0.5976560161172162 0.35050159326171876 0.6160236952380952 0.3595419350585938 0.6247836652014652 0.37423249072265624 0.6230881875457875 0.38063606640625 0.6129153186813187 0.3821427900390625 0.5897437853479853 0.38044772607421873 0.5716586857142858 0.37216074560546875 0.5626161362637363 0.3587885732421875 0.5643116146520146
2 0.43525479931640626 0.6954285846153846 0.44693190771484376 0.6844079772893773 0.4516404189453125 0.6711267326007326 0.45352382373046873 0.6581280673992674 0.44768526953125 0.6471074600732601 0.444671822265625 0.641455865934066 0.4345014375 0.6386300695970696 0.42131760546875 0.6397603882783882 0.4154790512695313 0.6471074600732601 0.41190058251953127 0.6586932263736264 0.4102055185546875 0.6716918915750916 0.41058219921875 0.6962763238095239 0.42395437158203125 0.7007975985347985 0.43525479931640626 0.6954285846153846
2 0.5731037861328125 0.5742762373626373 0.5759940791015625 0.5556912461538461 0.5702134931640624 0.5433012520146521 0.5658780537109375 0.5330795062271063 0.5563813774414063 0.5281235084249084 0.5479169482421875 0.5398940036630037 0.5425492612304688 0.5463987501831502 0.5402783168945312 0.5625057428571428 0.5423428120117187 0.5795419853479853 0.5524588369140625 0.588214980952381 0.5642264580078125 0.5854272322344322 0.5731037861328125 0.5742762373626373
2 0.5631942104492188 0.709636926007326 0.5683554477539062 0.7124246747252747 0.571039291015625 0.7121149245421245 0.576819876953125 0.7124246747252747 0.5832198110351563 0.7121149245421245 0.5854907553710937 0.7065394271062271 0.59023909375 0.6975566813186813 0.5906519926757813 0.6845471875457876 0.5838391596679687 0.6755644417582417 0.5720715385742188 0.6737059421245422 0.5667038520507812 0.6795911897435898 0.5615426147460938 0.6857861868131868 0.5615426147460938 0.7009639296703296 0.5631942104492188 0.709636926007326
2 0.6808704204101562 0.7347266644688645 0.6858252080078125 0.7415411611721612 0.6907799956054688 0.7372046630036629 0.6977992783203125 0.7269829179487179 0.6934638393554687 0.7139734241758241 0.6876832534179688 0.7028224293040293 0.6796317231445312 0.7034419289377289 0.6730253393554687 0.7090174263736264 0.6721995415039063 0.7254341684981684 0.6771543295898438 0.7316291655677656 0.6808704204101562 0.7347266644688645
2 0.716173283203125 0.6080389721611722 0.7151410356445312 0.6151632190476191 0.7143152377929688 0.6244557150183151 0.71472813671875 0.6362262095238095 0.7180313286132812 0.642730956043956 0.7242248129882812 0.6458284549450549 0.7335150405273437 0.6504747025641026 0.7409472221679687 0.6448992051282051 0.7425988178710937 0.6343677098901099 0.7463149086914063 0.6260044637362637 0.745902009765625 0.6108267208791208 0.74136012109375 0.6037024739926741 0.7368182319335937 0.5947197282051282 0.7289731513671875 0.5919319794871795 0.7203022729492188 0.6021537252747253 0.716173283203125 0.6080389721611722
2 0.6610512690429687 0.6935299333333333 0.6668318549804687 0.6867154366300366 0.6697221474609375 0.6845471875457876 0.6721995415039063 0.6795911897435898 0.6740575869140625 0.6718474432234433 0.6697221474609375 0.6650329465201466 0.6653867084960937 0.6572892 0.6593996733398437 0.649855202930403 0.652380390625 0.6467577047619048 0.6453611079101562 0.6548112007326007 0.6428837138671875 0.6656524461538461 0.6445353100585938 0.6755644417582417 0.6455675571289062 0.6882641853479853 0.6486642998046875 0.6969371816849816 0.656922279296875 0.6956981824175824 0.6610512690429687 0.6935299333333333
2 0.6705479458007813 0.6814496886446886 0.6678641020507813 0.688883684981685 0.6697221474609375 0.7009639296703296 0.6779801274414062 0.7046809282051282 0.6868574555664062 0.7065394271062271 0.6934638393554687 0.7006541802197802 0.6951154350585937 0.6836179377289376 0.6905735463867188 0.6737059421245422 0.6816962182617188 0.6702986937728937 0.6740575869140625 0.6752546915750915 0.6705479458007813 0.6814496886446886
2 0.7973079331054688 0.8134031282051283 0.8032949682617188 0.8261028725274726 0.8090755537109375 0.8261028725274726 0.8129980942382813 0.8267223721611722 0.8237334677734375 0.8230053743589745 0.8295140532226563 0.8146421282051283 0.8326107958984375 0.8022521333333332 0.8309591997070312 0.7923401377289377 0.831991447265625 0.784596391941392 0.8247657153320312 0.7740648967032968 0.8129980942382813 0.7743746461538462 0.8057723618164062 0.7830476424908426 0.799372427734375 0.7982253853479854 0.7973079331054688 0.8134031282051283
2 0.8478880581054687 0.5829492336996337 0.85408154296875 0.5928612293040293 0.8635782192382813 0.6002952256410256 0.873487794921875 0.5975074769230769 0.8813328754882812 0.593480728937729 0.8844296181640625 0.5807809846153846 0.8850489663085938 0.5659129912087912 0.8798877290039062 0.5510449985347985 0.8712168505859375 0.5479474996336997 0.8621330727539063 0.5457792505494505 0.8553202397460937 0.5463987501831502 0.849746103515625 0.5569302454212455 0.8456171137695313 0.570868989010989 0.8478880581054687 0.5829492336996337
2 0.8522234975585937 0.6213582161172161 0.8592427802734375 0.6294117128205128 0.8730748959960938 0.6352969597069597 0.8833973706054687 0.6291019626373626 0.88401671875 0.617021717948718 0.8784425825195312 0.6024634747252747 0.8635782192382813 0.6002952256410256 0.8561460375976563 0.6058707230769231 0.8522234975585937 0.6213582161172161
0 0.58990805078125 0.7149551721611722 0.593249123046875 0.7246675340659341 0.595963744140625 0.7296803663003663 0.5988871821289062 0.7321867816849817 0.6099544838867188 0.7337532923076924 0.6193512490234375 0.7227877216117216 0.6229011381835937 0.7046162058608059 0.620395333984375 0.6930240315018315 0.613504373046875 0.6886378036630036 0.6074486796875 0.6923974278388279 0.6001400844726562 0.6845648776556776 0.591996220703125 0.6902043135531135 0.5874022465820312 0.7043029040293041 0.58990805078125 0.7149551721611722
0 0.5606736694335938 0.7491050901098901 0.5633882905273437 0.758817452014652 0.5690263500976562 0.761323868131868 0.572993873046875 0.7575642439560439 0.5773790302734375 0.7534913179487179 0.5863581616210938 0.746598673992674 0.5903256845703125 0.734379895970696 0.587819880859375 0.7190280981684981 0.5798848344726563 0.711195547985348 0.5713233369140625 0.7118221516483517 0.5623442055664063 0.7143285677655677 0.5564973291015625 0.7184014937728938 0.5548267934570312 0.726234043956044 0.55879431640625 0.7393927282051282 0.5606736694335938 0.7491050901098901
0 0.5990959990234375 0.8434089934065934 0.6066134116210937 0.8377695575091576 0.609536849609375 0.8202246446886446 0.6132955556640625 0.804559545054945 0.6089103984375 0.7904609545787546 0.6038987905273437 0.7810618945054946 0.5951284760742187 0.7644568886446886 0.5807201025390625 0.7610105663003662 0.5706968857421875 0.7710362307692308 0.5644323754882813 0.7932806725274725 0.56276183984375 0.8114521890109889 0.5663117290039063 0.8318168190476191 0.5706968857421875 0.8452888051282051 0.5800936513671875 0.8537479597069597 0.5915785869140625 0.8506149391941392 0.5990959990234375 0.8434089934065934
0 0.5245483271484375 0.8217911553113553 0.5193279018554687 0.8421557853479853 0.5205808037109375 0.8531213553113552 0.524339509765625 0.8587607912087912 0.5285158500976562 0.8606406036630037 0.5349891772460937 0.8678465494505494 0.5408360537109375 0.8697263619047619 0.5462652958984375 0.8759924014652015 0.5516945380859375 0.8634603216117216 0.5575414145507812 0.8584474893772894 0.5606736694335938 0.8468553150183151 0.5646411928710937 0.8283704974358974 0.55879431640625 0.814271906959707 0.54939755078125 0.8054994505494506 0.5383302495117187 0.8092590747252747 0.5289334838867188 0.8177182293040293 0.5245483271484375 0.8217911553113553
0 0.53707734765625 0.647595241025641 0.5393743344726563 0.6582475091575092 0.5443859428710938 0.6620071333333333 0.5483534658203125 0.6629470395604397 0.5592119506835938 0.6663933611721612 0.5671469965820313 0.6560543948717948 0.5742467749023438 0.6397626908424908 0.572367421875 0.6234709868131868 0.5654764609375 0.612192115018315 0.5562885122070312 0.6049861684981684 0.5454300278320312 0.6128187186813188 0.53853906640625 0.6240975912087912 0.5329010073242187 0.6331833487179487 0.53707734765625 0.647595241025641
0 0.5742467749023438 0.6450888249084249 0.5792583833007813 0.655741093040293 0.5938755737304687 0.650414958974359 0.6018106201171874 0.6294237252747252 0.597425462890625 0.6146985304029304 0.5917874038085937 0.612192115018315 0.5874022465820312 0.615011832967033 0.5792583833007813 0.6118788124542124 0.5725762392578125 0.619084758974359 0.5725762392578125 0.6306769326007325 0.5742467749023438 0.6450888249084249
0 0.5978430971679688 0.6883245018315018 0.6038987905273437 0.6870712937728938 0.6084927646484375 0.6933373333333332 0.6118338369140625 0.6920841252747253 0.6160101767578126 0.6886378036630036 0.6224835043945313 0.6798653472527473 0.6289568315429688 0.6695263816849817 0.6241540405273438 0.6541745831501832 0.6180983471679687 0.6385094827838828 0.6059869604492187 0.6375695772893772 0.5963813779296875 0.6428957113553113 0.590534501953125 0.6529213750915751 0.590534501953125 0.670779589010989 0.591996220703125 0.6864446893772893 0.5978430971679688 0.6883245018315018
0 0.75633520703125 0.7832550087912087 0.7703259467773438 0.7914008608058608 0.7755463720703125 0.7914008608058608 0.7805579799804687 0.7954737868131868 0.7943399028320313 0.7741692505494506 0.7905811967773437 0.7610105663003662 0.790790013671875 0.746598673992674 0.7803491630859375 0.7318734798534798 0.7674025087890625 0.727487252014652 0.7598850961914062 0.7318734798534798 0.7575881088867188 0.748165183882784 0.7519500498046875 0.7647701904761904 0.75633520703125 0.7832550087912087
0 0.7427621015625 0.7650834923076922 0.7469384418945313 0.7610105663003662 0.751532416015625 0.7525514124542125 0.759049828125 0.7350065003663003 0.7552911220703125 0.7124487560439561 0.7429709184570312 0.7068093194139194 0.7358711401367187 0.7036762996336996 0.7260567407226562 0.7149551721611722 0.7179128774414063 0.7227877216117216 0.7181216943359375 0.7431523523809523 0.7216715834960937 0.7600706600732601 0.7319036171875 0.7641435860805861 0.7427621015625 0.7650834923076922
0 0.6698849653320312 0.969983002930403 0.6788640966796875 0.9724894190476191 0.6845021557617188 0.9712362109890109 0.6945253725585937 0.9561977142857143 0.697448810546875 0.9411592183150183 0.6922283852539063 0.9198546820512821 0.683875705078125 0.9079492058608059 0.6757318413085938 0.8994900520146519 0.6584000297851562 0.9041895816849818 0.6469150942382812 0.92424090989011 0.6517178852539063 0.9433523326007327 0.6611146508789062 0.9580775267399267 0.6698849653320312 0.969983002930403
2 0.5441909833984375 0.5417233428571429 0.5515031943359375 0.5336779465201466 0.5576779501953125 0.5227069523809524 0.5542655849609375 0.5046657604395604 0.5415910864257812 0.4946699655677656 0.5336289013671875 0.5022277619047619 0.5320039653320312 0.5183185538461539 0.5284291069335938 0.5275829494505494 0.5339538881835938 0.5436737421245421 0.5407786186523438 0.5463555406593407 0.5441909833984375 0.5417233428571429
2 0.6075634780273438 0.3898360153846154 0.598463837890625 0.3832534183150183 0.59228908203125 0.3842286175824176 0.58042705078125 0.39007981465201463 0.5744147885742188 0.397881410989011 0.5705149428710937 0.41397220366300364 0.572627359375 0.42933159633699636 0.586114326171875 0.44834798754578753 0.59781386328125 0.4490793868131868 0.608538439453125 0.43786459194139193 0.6104883623046875 0.4176292021978022 0.613575740234375 0.40080700952380954 0.6075634780273438 0.3898360153846154
2 0.6139706142578125 0.5552211706959707 0.6054620024414062 0.5448867626373627 0.5991143081054687 0.5469131172161171 0.5931717856445312 0.5458999399267399 0.5891200659179687 0.5479262945054946 0.5876344350585937 0.5515737326007326 0.5789907661132813 0.5635292249084249 0.574263759765625 0.5754847172161173 0.5737235302734375 0.5904797413919414 0.579666052734375 0.608109027106227 0.5899304096679687 0.6119591010989011 0.60195051171875 0.6095274754578754 0.6093786650390625 0.6000036087912087 0.6204533657226563 0.5835901362637362 0.618832677734375 0.5671766637362637 0.6139706142578125 0.5552211706959707
2 0.7461172192382812 0.5660610703296703 0.7487986831054687 0.5459451831501831 0.7490668291015625 0.5292489963369964 0.744910560546875 0.5105412212454212 0.7345869262695313 0.5037018197802198 0.7292239995117188 0.5026960256410257 0.7214477553710937 0.4964601003663004 0.710319681640625 0.4996786424908425 0.7018730717773437 0.5171794644688644 0.7009345595703125 0.5356860805860806 0.70857673046875 0.544939389010989 0.7101856083984375 0.5592216688644689 0.71407373046875 0.5739062666666667 0.7219840478515624 0.580343350915751 0.737938755859375 0.5755155377289377 0.7461172192382812 0.5660610703296703
2 0.6041145043945313 0.18350288644688645 0.6125152783203125 0.17423506373626374 0.6167156655273438 0.16200153772893774 0.618692318359375 0.14791444761904762 0.6135036049804687 0.13308593186813186 0.6060911572265625 0.12641309963369962 0.6004082802734375 0.11788670256410255 0.5863246293945312 0.12233525714285715 0.5784180180664062 0.12530096043956043 0.5744647124023438 0.13938805054945055 0.5732293046875 0.15569941831501832 0.5784180180664062 0.1675622315018315 0.5855833842773438 0.1723814989010989 0.5927487509765625 0.18202003443223444 0.6041145043945313 0.18350288644688645
2 0.456446982421875 0.7510287838827838 0.45792575244140626 0.7203368153846155 0.4456026694335937 0.7033268080586081 0.42982912353515623 0.7114620285714286 0.4192312724609375 0.7240346424908425 0.42169588916015627 0.7491798703296704 0.4293362001953125 0.7621222666666667 0.440426974609375 0.7687783567765567 0.456446982421875 0.7510287838827838
0 0.4110980380859375 0.7184879010989011 0.3970497236328125 0.7144202908424909 0.3866983344726562 0.731060515018315 0.38324787109375 0.7506590014652015 0.39310633740234374 0.7676690080586079 0.40321126513671873 0.7709970527472527 0.40961926806640625 0.7691481391941393 0.41528788623046875 0.7473309567765568 0.4110980380859375 0.7184879010989011
0 0.425639275390625 0.8793434014652014 0.4204635810546875 0.8553075223443224 0.41701311767578125 0.8468025186813187 0.409372806640625 0.8272040322344322 0.39655680029296875 0.836078819047619 0.3827549477539062 0.8442140395604395 0.37560756005859375 0.8638125252747252 0.3869447958984375 0.8889577531135532 0.40123957177734376 0.9129936329670328 0.4184918876953125 0.8974627567765568 0.425639275390625 0.8793434014652014
0 0.435004818359375 0.8290529465201465 0.4364835883789063 0.8013192395604396 0.432293740234375 0.7798718395604396 0.422928197265625 0.7698877047619048 0.4064152666015625 0.7824603186813186 0.40395064990234375 0.800579673992674 0.4071546513671875 0.8257249010989011 0.41602727099609377 0.8338601223443224 0.42268173583984375 0.8371881670329671 0.435004818359375 0.8290529465201465
0 0.3834943330078125 0.8375579494505495 0.3970497236328125 0.8212875084249084 0.40050018701171874 0.8024285875457875 0.39039525927734375 0.7839394498168497 0.37831863818359374 0.7946631494505494 0.3721570966796875 0.8039077186813186 0.3659955556640625 0.8127825047619047 0.36698140185546874 0.8264644666666666 0.3733894052734375 0.8416255597069596 0.3768398681640625 0.8416255597069596 0.3834943330078125 0.8375579494505495
0 0.35244016455078125 0.8405162117216117 0.3620521689453125 0.8345996879120879 0.3640238623046875 0.8212875084249084 0.3640238623046875 0.7983609772893773 0.352933087890625 0.7887466256410256 0.34430693017578123 0.7902257567765567 0.33691308056640623 0.8064961978021978 0.33321615576171876 0.8231364219780221 0.3398706201171875 0.8353392534798535 0.3465250849609375 0.843474473992674 0.35244016455078125 0.8405162117216117
0 0.4465420498046875 0.5131685743589743 0.43835728173828126 0.5221425304029305 0.4361536904296875 0.5313526424908425 0.440875671875 0.5459943597069596 0.45236582666015623 0.5580383531135531 0.4668465703125 0.5490643970695971 0.47314254541015627 0.5344226798534798 0.47267034716796874 0.5157662981684982 0.46873536279296873 0.5013607377289377 0.45944879931640625 0.503249991941392 0.45362502197265625 0.5060838725274726 0.4465420498046875 0.5131685743589743
0 0.4745591396484375 0.5282826051282051 0.47298514599609376 0.542215852014652 0.4781793256835937 0.5500090241758242 0.4810125146484375 0.5544960021978022 0.4898268798828125 0.5523705912087912 0.495808056640625 0.5483559267399267 0.49801164794921876 0.5443412630036629 0.4983264467773437 0.530880328937729 0.4973820502929687 0.5233233135531136 0.4959654560546875 0.5129324175824176 0.48903988330078124 0.510098536996337 0.48274390771484377 0.5143493582417582 0.4767627314453125 0.5178917091575092 0.4745591396484375 0.5282826051282051
0 0.3014535703125 0.7248108432234432 0.30233458447265626 0.7382495846153846 0.3039497763671875 0.7475024893772894 0.3126130791015625 0.7521289413919414 0.32700297216796875 0.7532304776556776 0.33566627490234374 0.7477227963369963 0.3347852607421875 0.7395714285714285 0.33126120556640626 0.7353855904761905 0.327737150390625 0.7223874630036631 0.327590314453125 0.711592408058608 0.3261219580078125 0.702780117948718 0.31878017626953126 0.6968318227106227 0.31114472265625 0.70101766007326 0.30336243359375 0.7122533296703296 0.3014535703125 0.7248108432234432
0 0.216133861328125 0.6257505831501832 0.2215838193359375 0.6162825553113553 0.22387853857421874 0.5932580322344323 0.20881944384765624 0.5831444571428571 0.20207870654296875 0.5831444571428571 0.19734584814453124 0.5829292747252747 0.1884538115234375 0.5809926322344322 0.18142623388671875 0.5885240183150183 0.17554601611328124 0.5951946747252748 0.17511575634765625 0.609181534065934 0.17654995556640626 0.6223076637362638 0.1794183544921875 0.6276872256410256 0.1884538115234375 0.6341426989010989 0.1992103076171875 0.6313453274725275 0.206237884765625 0.6341426989010989 0.216133861328125 0.6257505831501832
0 0.2010747666015625 0.5405383304029304 0.19232614990234376 0.5439812498168498 0.1884538115234375 0.5558162849816849 0.19074853076171874 0.577119347985348 0.19734584814453124 0.5829292747252747 0.20437342578125 0.5840051868131868 0.21398256201171875 0.5872329238095239 0.22473905810546874 0.5921821201465202 0.2337745146484375 0.5779800776556777 0.23104953564453126 0.5618413934065934 0.22373511865234375 0.5530189128205129 0.217281220703125 0.5416142424908426 0.2010747666015625 0.5405383304029304
0 0.2223009189453125 0.5287032952380952 0.22373511865234375 0.5532340952380952 0.23535213427734375 0.5648539479853479 0.23965473291015624 0.5583984747252747 0.24754282958984375 0.5439812498168498 0.2550006669921875 0.5334373091575092 0.260450625 0.5287032952380952 0.26360586376953127 0.5162227128205128 0.2568651264648438 0.5033117655677656 0.24037183251953126 0.500299210989011 0.227894296875 0.511058334065934 0.2223009189453125 0.5287032952380952
0 0.5758426865234375 0.3153409758241758 0.590117962890625 0.29919499047619047 0.6000008466796874 0.28206047545787544 0.603954 0.2606423318681319 0.5947299755859375 0.24581438608058606 0.5920945395507813 0.24021271794871793 0.5833097543945313 0.23592908937728937 0.5670579013671875 0.2352700695970696 0.5573946372070312 0.2385651684981685 0.5470725141601562 0.25207507472527474 0.5446566982421875 0.2734932183150183 0.5472921337890625 0.29655891135531137 0.5602496923828125 0.3113868571428572 0.5758426865234375 0.3153409758241758
0 0.659184529296875 0.6477303457875458 0.6659377944335938 0.6556385377289378 0.6687379282226562 0.6632995985347986 0.6771383310546875 0.6704663970695971 0.6861975883789062 0.668983610989011 0.6913037158203125 0.6546500131868132 0.6903154331054687 0.6405635465201465 0.6822444580078125 0.6257356864468865 0.671208634765625 0.6217815904761904 0.6583609604492188 0.6304311758241758 0.659184529296875 0.6477303457875458
0 0.6982216943359375 0.6867770432234432 0.6949274184570312 0.6951794974358975 0.6990452631835937 0.7058061296703297 0.7062926689453125 0.7122315362637363 0.7141989301757813 0.7060532608058608 0.7178226333007812 0.6991335934065934 0.7179873471679687 0.6862827809523809 0.7100810859375 0.6840586021978022 0.7057985278320312 0.6857885194139194 0.6982216943359375 0.6867770432234432
0 0.7100810859375 0.6840586021978022 0.718810916015625 0.6813401611721611 0.7234229018554688 0.6675008256410256 0.7181520610351563 0.6529200967032968 0.7084339482421875 0.6494602622710622 0.69805698046875 0.6502016556776556 0.6932802807617188 0.6605811575091575 0.6939391362304688 0.6707135282051282 0.6978922666015624 0.679610243956044 0.7041513901367188 0.6847999948717949 0.7100810859375 0.6840586021978022
2 0.504150041015625 0.7252977633699633 0.5111485249023437 0.7400759479853479 0.5142589619140625 0.7560208322344323 0.5155549775390625 0.761854326007326 0.5199614301757812 0.7680767194139194 0.5305887578125 0.7828549047619048 0.5417344912109375 0.7801326073260073 0.555990662109375 0.7735213142857144 0.556509068359375 0.7564097318681319 0.551843412109375 0.7342424542124543 0.5464001469726563 0.7140196747252747 0.5386240537109375 0.7023526864468864 0.5241086801757813 0.7023526864468864 0.5134813525390625 0.7128529758241758 0.504150041015625 0.7252977633699633
2 0.714104556640625 0.7466872417582417 0.7078836821289063 0.7287978593406593 0.6957011362304687 0.7315201567765568 0.68585141796875 0.7420204461538461 0.68377779296875 0.7525207355311356 0.6894802612304688 0.7606876271062271 0.6962195419921875 0.764965523076923 0.7071060727539062 0.761854326007326 0.714104556640625 0.7466872417582417
2 0.7433945073242187 0.8330229538461539 0.7529850224609375 0.8404120461538461 0.7599835063476562 0.8431343435897436 0.7695740209960937 0.8454677413919414 0.7778685205078125 0.8384675479853481 0.7812381611328125 0.8260227611721611 0.7802013486328125 0.8046332827838828 0.7763133017578125 0.7914106959706959 0.764649162109375 0.786743901098901 0.7547994443359375 0.7844105032967033 0.7478009604492187 0.7875216996336997 0.7395064609375 0.8026887846153846 0.7395064609375 0.8182447684981685 0.7433945073242187 0.8330229538461539
0 0.7807900161132812 0.634041580952381 0.7857432749023437 0.6379530036630037 0.7946070014648438 0.6410821413919414 0.8065991015625 0.6473404175824176 0.8133772456054688 0.6348238659340659 0.8183305043945313 0.6211338871794871 0.815462828125 0.596491926007326 0.8050349145507812 0.5792816666666667 0.78600397265625 0.5824108051282052 0.776097455078125 0.5910159340659341 0.7695800092773437 0.600403347985348 0.7727083833007813 0.6191781758241759 0.7807900161132812 0.634041580952381
0 0.8524819208984376 0.6313035853479854 0.83684005078125 0.6262187362637363 0.8350151655273438 0.6469492754578755 0.8451823813476562 0.659465827106227 0.8532640141601563 0.6665063875457875 0.868123791015625 0.6579012586080586 0.8702093735351563 0.6418644263736264 0.8524819208984376 0.6313035853479854
0 0.8863726391601563 0.6234807406593407 0.8973219482421875 0.624654167032967 0.9067070703125 0.6172224644688644 0.9113996313476562 0.5968830681318682 0.9082712573242188 0.5800639516483517 0.8981040419921875 0.5577688432234432 0.887936826171875 0.5620714080586081 0.8808979848632813 0.587104512087912 0.8808979848632813 0.6082261926739927 0.8814193803710938 0.6144844688644688 0.8863726391601563 0.6234807406593407
0 0.7534167431640625 0.673546947985348 0.7534167431640625 0.6876280688644688 0.7601948872070312 0.6962331985347985 0.76540884375 0.7013180476190476 0.771665591796875 0.7013180476190476 0.7857432749023437 0.6954509142857143 0.7992995625 0.6762849435897437 0.79851746875 0.660248112087912 0.7935642099609375 0.639517572893773 0.779747224609375 0.6352150080586081 0.7685372177734375 0.6289567318681318 0.7557630239257812 0.6316947274725274 0.7479420888671875 0.6430378527472528 0.7521132543945312 0.6606392542124543 0.7534167431640625 0.673546947985348
2 0.8222409716796875 0.6931040608058608 0.8238051586914062 0.697406624908425 0.8295405112304688 0.6970154827838828 0.8399684248046875 0.6907572073260073 0.8444002875976563 0.6723735216117216 0.843096798828125 0.6579012586080586 0.8339723745117188 0.6489049868131869 0.8230230654296875 0.6496872710622711 0.8141593388671875 0.6551632622710623 0.8094667778320312 0.6622038227106227 0.8112916625976563 0.674720375091575 0.818069806640625 0.6821520776556776 0.8222409716796875 0.6931040608058608
2 0.8133772456054688 0.6336504388278389 0.8120737563476562 0.6461669912087912 0.8230230654296875 0.6489049868131869 0.8331902807617187 0.639908715018315 0.8331902807617187 0.6199604600732601 0.820937482421875 0.6172224644688644 0.8133772456054688 0.6336504388278389
2 0.2002159375 0.8292215619047619 0.2096010595703125 0.8139670146520147 0.2075154765625 0.7901073377289377 0.19995523974609375 0.7662476608058608 0.18535616064453125 0.7642919494505495 0.17075708203125 0.7897161956043955 0.1757103408203125 0.8096644498168498 0.18300988037109375 0.8210075750915751 0.18926662841796876 0.8272658512820513 0.2002159375 0.8292215619047619
2 0.210122455078125 0.8182695794871795 0.2221145556640625 0.8260924241758241 0.24557736083984374 0.8147492989010989 0.247662943359375 0.7951921868131868 0.2408847998046875 0.7775907853479853 0.2301961884765625 0.776808501098901 0.2169005986328125 0.7795464967032967 0.20803687255859374 0.7885427684981685 0.206472685546875 0.796756756043956 0.2082975703125 0.810055591941392 0.210122455078125 0.8182695794871795
2 0.29172087744140623 0.6946686293040293 0.27972877685546876 0.6923217758241759 0.2732113310546875 0.6989711941391942 0.271907841796875 0.7157903106227106 0.27686110107421874 0.7247865824175824 0.2875497119140625 0.7263511516483516 0.2982383232421875 0.7142257421245422 0.29172087744140623 0.6946686293040293
2 0.2625227197265625 0.7337828542124543 0.26617248974609375 0.7513842549450549 0.272689935546875 0.7697679406593406 0.28702831640625 0.7631185223443223 0.29354576220703127 0.7568602468864469 0.29928111474609376 0.7423879838827839 0.2919815751953125 0.728306863003663 0.2812929638671875 0.7255688666666668 0.2685187700195312 0.7279157201465202 0.2625227197265625 0.7337828542124543
2 0.296934833984375 0.6927129179487179 0.3107518193359375 0.6876280688644688 0.3188334521484375 0.6805875084249084 0.318312056640625 0.6668975296703297 0.31231600634765627 0.6551632622710623 0.30397367578125 0.6567278315018316 0.297716927734375 0.660248112087912 0.29484925146484375 0.6657241032967033 0.2927636689453125 0.6731558058608058 0.293285064453125 0.6884103538461538 0.296934833984375 0.6927129179487179
2 0.2583515546875 0.7107054615384616 0.27425412255859377 0.7114877457875458 0.2758183095703125 0.6915394915750915 0.271907841796875 0.6751115172161173 0.25809085693359374 0.6625949655677655 0.24557736083984374 0.6700266681318682 0.23905991455078124 0.6790229399267399 0.238799216796875 0.6915394915750915 0.24583805859375 0.7024914747252747 0.2583515546875 0.7107054615384616
0 0.177013830078125 0.869118071062271 0.1783173193359375 0.8843726190476191 0.17779592333984376 0.8996271663003663 0.18040290185546876 0.9140994293040293 0.18483476513671876 0.9230957010989012 0.19161290869140624 0.9324831150183149 0.2051691962890625 0.9273982659340659 0.2231573466796875 0.9176197098901099 0.23619223876953124 0.9058854424908425 0.24974852587890625 0.8804611963369964 0.2374957275390625 0.8550369501831502 0.22028967041015626 0.8378266915750916 0.2062119873046875 0.8366532652014653 0.1918736064453125 0.8386089758241759 0.17805662158203125 0.8577749465201466 0.177013830078125 0.869118071062271
0 0.24505596484375 0.9532136542124542 0.25235550439453125 0.9391325333333332 0.2526162021484375 0.922704558974359 0.256526669921875 0.9062765846153846 0.24583805859375 0.8921954637362638 0.23853851904296874 0.8980625978021978 0.2294140947265625 0.9054943003663004 0.22002897265625 0.9184019941391941 0.20386570703125 0.9258336967032966 0.19421988720703126 0.9320919728937729 0.1926557001953125 0.9493022315018315 0.19369849169921874 0.9618187838827839 0.20490849853515625 0.97159733992674 0.20907966357421875 0.9692504864468865 0.21611850537109376 0.9758999047619048 0.22367874267578125 0.9657302058608059 0.2312389794921875 0.9645567794871795 0.23488874951171876 0.9582985032967034 0.2346280517578125 0.9449996673992673 0.24505596484375 0.9532136542124542
0 0.18926662841796876 0.73300056996337 0.1918736064453125 0.757251389010989 0.19865175048828124 0.7713325098901099 0.20986175732421875 0.7803287816849818 0.22654641845703125 0.7787642124542125 0.23697433203125 0.7748527897435897 0.24662015185546876 0.7502108285714286 0.247662943359375 0.7306537164835165 0.24349177783203124 0.7064028967032967 0.23306386474609375 0.683325504029304 0.20986175732421875 0.6884103538461538 0.19865175048828124 0.6966243406593406 0.19369849169921874 0.7103143194139194 0.18926662841796876 0.73300056996337
0 0.29275398193359375 0.6065540102564103 0.29111134716796877 0.6175075816849817 0.29457913134765623 0.6249012424908424 0.300602125 0.6287349919413919 0.3192186499023438 0.6273657956043956 0.32706679296875 0.622984367032967 0.33272475634765625 0.6049109743589743 0.330169546875 0.5810869567765569 0.31848859033203125 0.559727493040293 0.3066251181640625 0.5671211538461538 0.297864400390625 0.5720502608058609 0.2907463173828125 0.5824561538461538 0.29275398193359375 0.5969696351648351 0.29275398193359375 0.6065540102564103