0 0.0757624296875 0.32716974945054944 0.06044947021484375 0.34294180952380954 0.05062173828125 0.36248543003663003 0.05587843505859375 0.3875150021978022 0.0702771845703125 0.41048732967032964 0.09130395458984375 0.4320881948717949 0.1214954130859375 0.42673823956043955 0.14341374072265625 0.3971153794871795 0.1418138857421875 0.38100045347985345 0.15621265185546876 0.36797136923076923 0.15232726220703124 0.3436275406593407 0.13495733349609376 0.33814161465201464 0.12352974658203125 0.3203123347985348 0.10753112451171876 0.33299855384615384 0.09473223095703125 0.32579828058608057 0.0757624296875 0.32716974945054944
0 0.1594123623046875 0.36488552747252745 0.15895526611328126 0.38648637948717945 0.14501361328125 0.3806575882783883 0.1438708544921875 0.39402953772893773 0.13335747802734374 0.4094587201465202 0.1402140302734375 0.4290023794871795 0.15369856884765626 0.4444315611721612 0.17378530419921875 0.4576053831501832 0.174496791015625 0.4581463765567766 0.20397996875 0.4588321076923077 0.22089278369140625 0.4255736725274725 0.2176930732421875 0.38408629523809523 0.20100878955078125 0.3882007333333333 0.1971234169921875 0.37482878315018314 0.1888955400390625 0.3665998813186813 0.1822675361328125 0.3717429413919414 0.1594123623046875 0.36488552747252745
0 0.14579194287109376 0.6238985435897436 0.15297285302734376 0.6475985201465202 0.1697283154296875 0.6499924578754579 0.18744122412109376 0.6430500446886447 0.20612632958984375 0.6275098139194139 0.2065903173828125 0.6272500512820512 0.216643583984375 0.6116894615384615 0.21616486376953126 0.5906228080586081 0.2085052216796875 0.5762591824175824 0.19462213427734376 0.5688379772893774 0.1737177099609375 0.5640501018315018 0.15887715771484376 0.5889470542124542 0.14515363720703126 0.6148015875457875 0.14579194287109376 0.6238985435897436
2 0.23260116162109376 0.5891864490842491 0.20962225927734374 0.6401773179487179 0.22925007275390624 0.6811136468864469 0.240420376953125 0.672256084981685 0.25065166015625 0.6834188893772895 0.2608460810546875 0.6650742725274725 0.2659525009765625 0.6478379194139194 0.25031408251953124 0.5930167450549451 0.23260116162109376 0.5891864490842491
2 0.3024953681640625 0.7542081098901099 0.29579316650390625 0.7326626717948719 0.273771728515625 0.7144687318681319 0.25909073779296876 0.7369717391941392 0.26228225341796874 0.7791050373626374 0.28093989453125 0.7852553201465201 0.30010173193359374 0.7769505084249084 0.3024953681640625 0.7542081098901099
1 0.4334100751953125 0.8153331897435898 0.4433037685546875 0.7995331963369963 0.44713360205078123 0.7717635238095238 0.4409101318359375 0.749739295970696 0.42144189208984373 0.7483029413919414 0.40835668359375 0.7889998761904762 0.424473822265625 0.8150937904761905 0.43245261083984377 0.8143756293040293 0.4334100751953125 0.8153331897435898
2 0.338197208984375 0.6562452380952382 0.35776824072265623 0.6395265626373626 0.35712993505859375 0.6275568747252748 0.3469170830078125 0.6005053772893773 0.3367042431640625 0.5930841721611722 0.3204275068359375 0.6033781025641026 0.3132465966796875 0.6220508161172161 0.3148423544921875 0.6388083787545787 0.324576474609375 0.6601144271062271 0.338197208984375 0.6562452380952382
0 0.35126384375 0.4006674351648352 0.3177529306640625 0.3647583736263736 0.29126334228515627 0.3800795706959707 0.28200795458984373 0.435858315018315 0.3115294731445313 0.46578253479853476 0.32323449609375 0.4479134117216117 0.35110425830078124 0.41694621758241757 0.35126384375 0.4006674351648352
0 0.3771002626953125 0.3437474989010989 0.37675630322265624 0.34490741684981685 0.386330849609375 0.3382043934065934 0.3955862495117187 0.32791045421245424 0.3963841284179688 0.3109135010989011 0.3770754497070313 0.27380746886446883 0.36542642578125 0.2692589882783883 0.34994756787109377 0.29008624249084247 0.35361781591796876 0.30923774285714284 0.3771002626953125 0.3437474989010989
2 0.5101539116210938 0.8597664417582418 0.5031325751953125 0.8451634168498169 0.4836643354492188 0.8307997963369963 0.468983369140625 0.8305604014652015 0.45621730078125 0.8612028007326008 0.4758451201171875 0.8877755135531136 0.498983607421875 0.892802797069597 0.5040900395507812 0.8793967318681319 0.5101539116210938 0.8597664417582418
2 0.5903687978515625 0.34075422564102564 0.5904205322265625 0.3410212695970696 0.612761140625 0.3417394673992674 0.62456973828125 0.316124315018315 0.61675053515625 0.2749485912087912 0.5982397353515625 0.255078906959707 0.5749416865234375 0.25723345421245425 0.5522819189453125 0.2909879706959707 0.560899013671875 0.3257000659340659 0.5903687978515625 0.34075422564102564
2 0.535845609375 0.3680727721611722 0.5538776767578125 0.3429364366300366 0.5538597783203125 0.3419515347985348 0.5551542880859375 0.3237849172161172 0.555313861328125 0.2993667523809524 0.5438243979492188 0.2799758564102564 0.52866469921875 0.26968193626373627 0.521962521484375 0.2955364556776557 0.5056857973632812 0.30032433113553114 0.499781486328125 0.34078187032967033 0.5281859794921875 0.3707060996336996 0.535845609375 0.3680727721611722
2 0.497387849609375 0.40158789816849816 0.5218029482421875 0.39871516190476197 0.5296221635742188 0.3740576161172161 0.499781486328125 0.3455697457875458 0.49999401171875 0.3458427904761905 0.4916431240234375 0.35634246520146523 0.49148355078125 0.3877030527472527 0.497387849609375 0.40158789816849816
2 0.48350476220703126 0.2921849391941392 0.4726536044921875 0.33240308864468865 0.479994087890625 0.3482030827838828 0.49560494921875 0.34255018974358975 0.496589970703125 0.34197883956043956 0.5015368173828125 0.30247886886446884 0.48350476220703126 0.2921849391941392
2 0.461689466796875 0.25514660732600736 0.48349972802734376 0.22902448717948717 0.487329548828125 0.20604268571428572 0.4736060224609375 0.19957905714285715 0.45972293505859374 0.1667821098901099 0.4399355361328125 0.17731543443223444 0.4308397216796875 0.19694573406593405 0.42940353759765626 0.22256085421245422 0.44998881494140625 0.25080932527472527 0.461689466796875 0.25514660732600736
2 0.43608306103515626 0.2699217567765568 0.435786568359375 0.24434569157509156 0.4260524423828125 0.22950327692307693 0.40738208154296873 0.23883963736263736 0.39685007666015626 0.2596668864468864 0.4233396591796875 0.28959110695970697 0.43608306103515626 0.2699217567765568
2 0.4574888715820313 0.36268659194139197 0.4705740927734375 0.34904112747252747 0.46163783935546876 0.31791993846153843 0.4471164462890625 0.2937411728937729 0.4270099008789062 0.2918260241758242 0.411211896484375 0.33970477655677656 0.43514826318359373 0.3617289948717949 0.45809841552734376 0.36200646666666664 0.4574888715820313 0.36268659194139197
2 0.3318259951171875 0.741837936996337 0.32799616162109374 0.789237904029304 0.34383687451171874 0.8088884249084249 0.369166716796875 0.8103045531135531 0.37602847998046873 0.7724803406593407 0.36485817578125 0.7269955267399267 0.3436345927734375 0.724601589010989 0.3318259951171875 0.741837936996337
2 0.32265912646484374 0.67330923003663 0.32491755810546874 0.7066817567765568 0.3367955029296875 0.7206345076923077 0.352018740234375 0.7100698307692308 0.36342382763671877 0.6958399186813187 0.36127830712890624 0.6690741377289378 0.33395128564453125 0.6611121633699634 0.32265912646484374 0.67330923003663
2 0.2734253095703125 0.7137967128205128 0.29849390380859375 0.7309064952380953 0.3098989829101563 0.687030928937729 0.30752763134765626 0.6746644586080586 0.28076521728515624 0.6907578080586081 0.2734253095703125 0.7137967128205128
0 0.32239802392578126 0.8944801875457875 0.32530640869140626 0.857109123076923 0.3177427275390625 0.8035000893772895 0.28730499169921875 0.7949551003663005 0.2704265234375 0.8284642945054945 0.262839443359375 0.8508489926739927 0.27535812744140625 0.908328347985348 0.32206178125 0.8945516461538462 0.32239802392578126 0.8944801875457875
0 0.5809996704101562 0.09343880366300365 0.5492603876953125 0.08091854358974358 0.5382591254882813 0.08926538315018315 0.5199236772460938 0.13175836923076925 0.5459726547851562 0.17975268205128206 0.5740578955078125 0.154033463003663 0.5912422260742187 0.12530854432234434 0.5809996704101562 0.09343880366300365
2 0.7705503872070313 0.14129469963369964 0.777758119140625 0.13143023956043956 0.7658716918945313 0.08912695164835165 0.7533530078125 0.08040071941391942 0.7216137255859375 0.10278541465201464 0.7280627412109375 0.16671459413919412 0.7604342807617187 0.16481758534798535 0.7705642758789063 0.1412250131868132 0.7705503872070313 0.14129469963369964
0 0.8722565654296875 0.10946622564102565 0.8713714096679688 0.07607887912087911 0.8569559462890625 0.06242041684981685 0.8334360004882813 0.07797588791208791 0.8330099877929688 0.07908030989010989 0.83305665234375 0.09865328278388279 0.8473456567382812 0.1096559304029304 0.8722565654296875 0.10946622564102565
0 0.8352063208007813 0.12427477142857143 0.8484837109375 0.17701160512820513 0.8705052944335937 0.1813535545787546 0.8816139560546875 0.15557541098901098 0.8859133129882812 0.134328915018315 0.8754178486328125 0.11137511135531136 0.840770181640625 0.10833989743589743 0.8352063208007813 0.12427477142857143
2 0.8399659663085938 0.41921582344322345 0.840386529296875 0.4195156798534799 0.8765515986328125 0.38935323516483517 0.8779425712890625 0.3737977714285714 0.86807936328125 0.34154863076923075 0.8345697602539063 0.33756490476190476 0.826856240234375 0.3627951164835165 0.8162343168945313 0.36639943516483514 0.8119349697265625 0.3836622095238096 0.8399659663085938 0.41921582344322345
0 0.8652139575195312 0.6288614908424909 0.895562287109375 0.6317070036630037 0.918702884765625 0.5914904227106227 0.9144035278320313 0.5457725252747253 0.875709421875 0.5209217062271062 0.8399236909179687 0.5770731611721612 0.83903853515625 0.6028724879120879 0.8645817006835937 0.6284820952380953 0.8652139575195312 0.6288614908424909
0 0.94444794921875 0.7094692388278389 0.9539317993164063 0.6868948424908424 0.9454595639648438 0.6493340725274726 0.9133409233398437 0.6339683032967033 0.9001899829101563 0.648954676923077 0.8899474267578125 0.6999841963369964 0.9204221962890625 0.7257835157509157 0.9446218178710938 0.7088291164835164 0.94444794921875 0.7094692388278389
0 0.8983026791992188 0.8589637597069596 0.9100199086914063 0.824618945054945 0.9020882568359375 0.7702622036630036 0.8653141801757812 0.7413260131868131 0.8344888500976563 0.7667465846153846 0.8236729458007812 0.8403039758241758 0.8591851655273437 0.8676175728937728 0.8598268354492188 0.868129506959707 0.8983026791992188 0.8589637597069596
0 0.8939763286132812 0.9396404710622711 0.8936321474609376 0.9391379978021979 0.9017277182617187 0.948294273992674 0.9154278603515625 0.9377474476190477 0.923179263671875 0.9190876637362637 0.9150673359375 0.8823089706959707 0.8997448051757813 0.863108326007326 0.8710826572265625 0.8758186080586081 0.859906228515625 0.9147607619047619 0.8824393618164063 0.9507281831501831 0.8939763286132812 0.9396404710622711
2 0.91560813671875 0.9656019106227107 0.8923539404296875 0.947753419047619 0.871983982421875 0.9577593794871795 0.866215505859375 0.9772304564102563 0.8829801484375 0.9972423985347985 0.9078303784179688 0.9959447904761906 0.907676470703125 0.9948085106227106 0.91560813671875 0.9656019106227107
0 0.4927514853515625 0.8157466615384615 0.494558052734375 0.748895263003663 0.48745221875 0.7380544879120879 0.4701091689453125 0.7328147824175825 0.4513208686523438 0.7619041787545787 0.452284375 0.8049058937728938 0.4798646313476562 0.8211670454212455 0.49226973193359375 0.8159273523809524 0.4927514853515625 0.8157466615384615
0 0.53454341015625 0.8162421765567767 0.5527295302734375 0.7961175377289377 0.5587514223632812 0.7319763274725275 0.5297258969726563 0.7115595494505494 0.5202113061523438 0.7323376879120879 0.503711326171875 0.7191480813186812 0.4954011142578125 0.7411260402930403 0.4978220986328125 0.811346049084249 0.53454341015625 0.8162421765567767
0 0.381902244140625 0.6626664307692307 0.41080732421875 0.6667671421245421 0.41080732421875 0.6659186666666667 0.417070087890625 0.6427367677655678 0.42766862109375 0.6414720168498168 0.434774455078125 0.6262949391941393 0.4392306513671875 0.5757046857142857 0.4273073037109375 0.5641961208791209 0.3999679194335938 0.5726880549450549 0.39225989599609373 0.5940082336996337 0.372748970703125 0.6259885003663004 0.381902244140625 0.6626664307692307
2 0.349738546875 0.5989248710622711 0.36142101318359376 0.5889875003663003 0.36852684716796874 0.5729070358974359 0.372862607421875 0.549960736996337 0.35009985498046875 0.5439983142857142 0.3344429365234375 0.5593560688644689 0.33359987548828124 0.5871807062271063 0.34935782177734376 0.5987613626373627 0.349738546875 0.5989248710622711
2 0.3912895908203125 0.5935044871794872 0.398997623046875 0.5633310183150183 0.3879173369140625 0.5586333516483517 0.3711764760742188 0.5656798571428572 0.36744290478515623 0.578508093040293 0.35828963134765623 0.5954919655677656 0.3735852329101563 0.6159087435897436 0.3735999604492187 0.615253054945055 0.3912895908203125 0.5935044871794872
2 0.30772817529296875 0.6320952996336996 0.308328072265625 0.6319359824175824 0.3188800908203125 0.6044702139194139 0.33213776220703123 0.592563873992674 0.332769083984375 0.5790339413919414 0.3188800908203125 0.562798021978022 0.30363828125 0.565504008058608 0.2900198623046875 0.5909402813186813 0.28965910791015625 0.6094763010989012 0.30772817529296875 0.6320952996336996
0 0.21431884130859374 0.7958018923076923 0.23175024462890625 0.7826502344322344 0.23327931494140625 0.7532883992673993 0.224716529296875 0.7393721157509158 0.2030037255859375 0.7236207150183149 0.18730528076171876 0.740289673992674 0.1800676767578125 0.767051758974359 0.18159674658203126 0.7925904380952382 0.21442078564453124 0.7954960388278388 0.21431884130859374 0.7958018923076923
2 0.17609210107421874 0.7966148131868133 0.15876264208984375 0.7941679956043957 0.14561263916015624 0.8175657179487179 0.14581651171875 0.8314819897435897 0.165592484375 0.8443278 0.17813086083984375 0.8380578153846154 0.1843490771484375 0.8125191421245422 0.17609210107421874 0.7966148131868133
2 0.7339683061523438 0.7650651289377289 0.7137207045898437 0.7491974783882783 0.7001215708007813 0.7677852996336996 0.6966462431640625 0.8101745978021978 0.7075255458984375 0.8192418271062272 0.7250675288085937 0.8059091934065934 0.7258088237304687 0.8058676608058607 0.7339683061523438 0.7650651289377289
2 0.444235091796875 0.5000629787545787 0.45709809375 0.48104980879120873 0.46154341015625 0.4580637501831502 0.4504774267578125 0.42514543443223446 0.414252923828125 0.4325236835164835 0.39911997021484374 0.45777997069597065 0.40659186767578126 0.4987859728937729 0.4436819931640625 0.499663304029304 0.444235091796875 0.5000629787545787
2 0.384591705078125 0.47338779120879126 0.38411880029296874 0.47381346813186814 0.397076388671875 0.46217853626373623 0.40625073876953127 0.436070915018315 0.39660348388671873 0.42244953919413925 0.3759848393554687 0.41265917948717945 0.3635001484375 0.42784133333333335 0.361608529296875 0.44940850109890107 0.3675671323242187 0.46998244615384616 0.384591705078125 0.47338779120879126
2 0.4032834970703125 0.39025843516483516 0.3970411552734375 0.39082599413919417 0.3988381875 0.41565661758241756 0.4125524267578125 0.41523094505494507 0.41643025146484375 0.4294198783882784 0.434577064453125 0.42550506446886444 0.4344006337890625 0.4251631941391941 0.4400754912109375 0.4247375274725274 0.4473582221679688 0.41083239047619047 0.45265475439453123 0.4111161597069597 0.45634342041015624 0.3970691194139195 0.44433163427734373 0.37493439194139194 0.4252262763671875 0.36074546446886446 0.40110813232421877 0.36287380293040294 0.4032834970703125 0.39025843516483516
2 0.3470751518554688 0.380442402930403 0.347375708984375 0.38070199633699636 0.35882000341796877 0.3706278600732601 0.35995497216796873 0.3544524857142857 0.3621303369140625 0.3297637501831502 0.34860525732421876 0.3199733904761905 0.331959009765625 0.3177031619047619 0.32174426708984377 0.33160830915750916 0.324960017578125 0.36438473553113554 0.3470751518554688 0.380442402930403
2 0.3501155673828125 0.30186141245421244 0.3464269155273437 0.2858279252747253 0.33782004248046876 0.27660512234432233 0.32372748583984373 0.2808618007326007 0.31436396923828125 0.3096653282051282 0.3205117314453125 0.3289622673992674 0.32930775634765624 0.3174692380952381 0.33942792333984373 0.31647600659340663 0.3501155673828125 0.30186141245421244
2 0.3986648427734375 0.2907940498168498 0.40273181982421874 0.2778821282051282 0.3910983662109375 0.24893671355311353 0.37984323095703126 0.2449638153846154 0.37492502392578125 0.2679498791208791 0.3905308818359375 0.29434128205128207 0.39062546142578125 0.29434128205128207 0.3986648427734375 0.2907940498168498
0 0.3903129741210937 0.08972600512820514 0.39086224609375 0.11897830989010989 0.405005939453125 0.14266855238095238 0.43265619140625 0.16623947106227105 0.4334306625976562 0.16553479120879122 0.4457892353515625 0.15029062417582417 0.45979561328125 0.1408145457875458 0.4751751767578125 0.11053221904761903 0.46226732177734375 0.09899610402930403 0.4445533759765625 0.06418174505494505 0.4317828466796875 0.05511765274725275 0.4065164296875 0.052233624175824174 0.3903129741210937 0.08972600512820514
2 0.5028714057617187 0.2958001472527472 0.5201626552734375 0.26862961245421246 0.5062935927734376 0.23463926886446887 0.49819185986328124 0.23443325787545788 0.4791047392578125 0.23628727619047618 0.477731564453125 0.2511194336996337 0.47072836474609375 0.26121353186813184 0.47320008349609377 0.2838737641025641 0.4920125732421875 0.2888178175824176 0.5028714057617187 0.2958001472527472
2 0.45143167529296874 0.29582188424908423 0.4639275634765625 0.3120960622710623 0.46420219384765626 0.3125080600732601 0.4739517431640625 0.30859401684981685 0.4765607666015625 0.29355587985347986 0.47367710205078123 0.2853157956043956 0.46488878125 0.269865621978022 0.454727296875 0.2632735531135531 0.446350927734375 0.2696596234432235 0.44236871875 0.28119573772893774 0.45143167529296874 0.29582188424908423
2 0.5625986586914062 0.2653792901098901 0.5805872456054687 0.2458090901098901 0.5788021245117188 0.20728669450549453 0.55902840625 0.1978106043956044 0.5505147270507813 0.20399066813186814 0.54515934375 0.22479687326007328 0.54515934375 0.2563151941391942 0.552986435546875 0.26929332527472527 0.5622710737304687 0.265663767032967 0.5625986586914062 0.2653792901098901
0 0.6415303798828125 0.6778449641025641 0.6536812265625 0.710656389010989 0.6650924521484375 0.7065351391941392 0.6725942856445313 0.7211581809523809 0.6723968471679688 0.7207087047619047 0.688231892578125 0.7225847663003663 0.6903450830078125 0.7081604168498168 0.7061940141601563 0.6978573164835165 0.7049261025390625 0.642696104029304 0.6810470405273438 0.6396844322344323 0.6707980688476562 0.6244675450549451 0.6524133076171875 0.6315602710622711 0.6579076083984375 0.6561292007326007 0.6415303798828125 0.6778449641025641
0 0.6439605444335937 0.7376913318681318 0.6438548862304687 0.7376913318681318 0.6479756098632813 0.721206375091575 0.6345568520507813 0.6985395531135531 0.6056061328125 0.6985395531135531 0.5918703930664062 0.7196212827838828 0.5969420537109374 0.757346479120879 0.6163834067382813 0.775733547985348 0.63740965625 0.759565610989011 0.6439605444335937 0.7376913318681318
0 0.6993011171875 0.7963909347985348 0.70384448046875 0.7772113135531135 0.6968709443359375 0.7680177794871794 0.6942294560546876 0.755178534065934 0.6969766103515626 0.7478871054945055 0.6958143491210937 0.7295000366300366 0.6796484365234375 0.724269232967033 0.6685009189453125 0.7273555794871795 0.6677089135742188 0.719038432967033 0.6532335517578125 0.7182458805860805 0.6535505336914063 0.7269638945054945 0.6469996376953125 0.730451093040293 0.6443581494140626 0.7453509604395604 0.6421393002929687 0.7669082131868132 0.6382299008789063 0.7903675787545787 0.6533392099609375 0.8081206205128204 0.6845087734375 0.816363095970696 0.6907426879882812 0.7998781326007326 0.6993011171875 0.7963909347985348
0 0.670200943359375 0.6094510293040293 0.6969498500976562 0.6274467487179488 0.7198380961914063 0.5835951003663004 0.7157016572265625 0.5432598439560439 0.6796750317382813 0.501214580952381 0.6536552294921875 0.5169902263736263 0.6440035629882812 0.591455293040293 0.6593083569335938 0.6140016659340659 0.670200943359375 0.6094510293040293
0 0.18385595654296874 0.24055065494505495 0.18842033935546876 0.2630970945054945 0.18485789208984374 0.2741198080586081 0.21736521923828125 0.32004773406593406 0.2172538857421875 0.31971370476190475 0.24386090771484376 0.3177095816849817 0.2627864033203125 0.31119616336996336 0.26568088916015625 0.2786290842490843 0.24775733349609375 0.2686084446886447 0.2588899775390625 0.24188673919413922 0.23896254248046875 0.22301453846153846 0.20066625244140626 0.21199182783882786 0.18385595654296874 0.24055065494505495
0 0.14415666796875 0.2853256637362637 0.14961165673828125 0.3225690432234432 0.1869481328125 0.3586321347985348 0.1873513232421875 0.3584763413919414 0.19770468603515626 0.35029281684981683 0.20883733056640624 0.35780829670329667 0.21473763525390624 0.35212993113553115 0.21061856005859375 0.3240721413919414 0.195032849609375 0.2978514659340659 0.1778885751953125 0.27096274871794873 0.153062783203125 0.27680812234432234 0.14415666796875 0.2853256637362637
2 0.27845992626953125 0.3022695238095238 0.27890522509765625 0.30210252820512823 0.2978307290039062 0.2860694945054945 0.30462163232421874 0.26034984981684983 0.297051447265625 0.2416446542124542 0.27968451513671877 0.225277610989011 0.269553810546875 0.22945287765567765 0.2568625942382812 0.2700364673992674 0.26821788818359377 0.2780529772893773 0.27845992626953125 0.3022695238095238
2 0.310335646484375 0.2391126476190476 0.32703461328125 0.24111678315018317 0.32736858740234376 0.24078275457875456 0.34017112890625 0.22307962637362638 0.34306561474609376 0.19986514212454212 0.33616337841796873 0.1808259304029304 0.3183511474609375 0.1594485641025641 0.3023201376953125 0.16345681904761905 0.297199123046875 0.17414550402930404 0.29274606494140626 0.20136824029304026 0.2993143271484375 0.2215765282051282 0.310335646484375 0.2391126476190476
2 0.391668158203125 0.13212770842490842 0.3793109248046875 0.12043696190476191 0.35927216455078126 0.10690910402930402 0.34546768359375 0.1110843706959707 0.33555962841796877 0.13446586007326006 0.3332217749023437 0.1670329391941392 0.347026255859375 0.19191752454212455 0.370293484375 0.19408866813186815 0.3805443193359375 0.17550332454212456 0.380758171875 0.16218964029304028 0.391668158203125 0.13212770842490842
2 0.3825393930664063 0.17455697216117216 0.37853164306640624 0.19209309157509158 0.37786367724609377 0.22532820952380955 0.387994390625 0.23735298534798535 0.3982364287109375 0.23267668131868133 0.412978337890625 0.21913855604395602 0.41293151611328127 0.21948283663003662 0.42306221240234376 0.21079828717948718 0.42673598828125 0.19476527252747253 0.42729262060546874 0.1693796380952381 0.417718556640625 0.1571878608058608 0.4042480498046875 0.15301259413919413 0.400240291015625 0.14382700805860807 0.38599051123046874 0.15150949597069596 0.3825393930664063 0.17455697216117216
2 0.2120535576171875 0.05173309816849817 0.21461406884765624 0.07377850695970696 0.22697130712890626 0.09999918241758242 0.25146312451171876 0.11269199633699635 0.26816209130859375 0.0951558835164835 0.287310236328125 0.07427953772893774 0.2819665634765625 0.06676405787545787 0.276177591796875 0.05807950183150183 0.2677167836914062 0.04572072014652015 0.25146312451171876 0.03703615824175824 0.2336508935546875 0.021003136996336994 0.2227408984375 0.027182529670329667 0.2120535576171875 0.05173309816849817
2 0.6392311684570312 0.5951552805860806 0.6435123149414063 0.5843465223443224 0.6510527778320313 0.5163307098901099 0.6384535263671876 0.5158682461538462 0.6185047353515625 0.5044929882783883 0.5997013193359375 0.5142614681318681 0.5891065053710938 0.5477682036630037 0.5968378559570312 0.5825636600732601 0.62098640234375 0.6014649025641026 0.6392311684570312 0.5951552805860806
2 0.5175313569335938 0.5063590175824176 0.5136179580078125 0.5206781355311355 0.5055048110351562 0.5231123868131868 0.5006369243164063 0.5305583267399268 0.5055048110351562 0.540438517948718 0.50149596484375 0.5726565340659341 0.5035958354492187 0.5955671289377289 0.534330349609375 0.6068792351648352 0.5519287934570313 0.5991391267399268 0.5517974736328125 0.5991469091575091 0.5613423525390625 0.5985741421245422 0.5691691499023438 0.5739452681318682 0.5642058159179687 0.5580510380952381 0.5738461494140625 0.540868095970696 0.5694554995117187 0.5142345326007326 0.5500793999023438 0.5023496652014653 0.5331849599609375 0.509222841025641 0.5175313569335938 0.5063590175824176
1 0.395795208984375 0.7978809084249084 0.40363297900390627 0.7983590205128205 0.4038164912109375 0.7985685311355312 0.410233517578125 0.780919504029304 0.4126780966796875 0.7695736820512822 0.4080945068359375 0.7612075802197802 0.398850935546875 0.7604053501831501 0.3918991591796875 0.7640726842490843 0.3890726142578125 0.7747308688644688 0.389454580078125 0.7916922864468865 0.395795208984375 0.7978809084249084
0 0.5083015385742188 0.4228830681318681 0.47982179541015624 0.43810384102564104 0.468963896484375 0.4912430454212454 0.49904562744140624 0.5267581978021978 0.5116835107421875 0.5182131882783882 0.5157774790039062 0.50486163003663 0.5257453862304687 0.5045946029304029 0.5261170854492188 0.5048992564102565 0.5314413295898438 0.5094011824175825 0.5405192446289062 0.49337931282051284 0.5328653217773438 0.4848342937728938 0.5399852578125 0.4837661750915751 0.544791208984375 0.45412570989010986 0.5373152817382812 0.4447796197802198 0.5225414096679688 0.4429103992673992 0.5196934379882813 0.42715556190476195 0.5083015385742188 0.4228830681318681
0 0.5554711123046875 0.42426382271062274 0.5864428491210938 0.4312066087912088 0.5867988403320312 0.43093960219780225 0.5996147192382812 0.4037024014652014 0.60780265625 0.3679202322344322 0.6012166938476563 0.35136429377289374 0.5857308393554688 0.3358764981684982 0.5675750087890625 0.3270644622710623 0.5554711123046875 0.3332061868131868 0.5424772377929687 0.3580400725274725 0.5355352978515625 0.395958504029304 0.5554711123046875 0.42426382271062274
0 0.7279405625 0.34298377216117215 0.7546403212890626 0.3555342285714286 0.76300625390625 0.3544661201465201 0.763718236328125 0.3531309641025641 0.7957579609375 0.32803003150183146 0.8066158461914062 0.2853050358974359 0.8126678081054688 0.24605146373626374 0.790952009765625 0.21507584322344322 0.7601582685546875 0.18196398095238095 0.721532623046875 0.19958803809523812 0.707114755859375 0.2313647553113553 0.69429886328125 0.2612722315018315 0.7024868002929687 0.30586643736263736 0.7279405625 0.34298377216117215
0 0.7311445385742188 0.4972461179487179 0.7640742412109375 0.48763299047619046 0.7750718286132813 0.4662887567765568 0.7859680356445312 0.46226503003663 0.7881040244140625 0.43716410769230774 0.7863240405273437 0.39203583809523807 0.7656762294921875 0.3821556879120879 0.7306105380859375 0.3789513120879121 0.7040887749023438 0.3749458446886447 0.6745410444335938 0.4005808366300366 0.6638611411132812 0.4462431611721611 0.6868229365234375 0.4670715992673993 0.7008848120117187 0.4916384578754579 0.7311445385742188 0.4972461179487179
2 0.9482658544921875 0.4681720256410256 0.9646163881835937 0.4611969120879121 0.9612344291992188 0.43663004322344323 0.9541144936523438 0.40885880366300364 0.9309747026367188 0.39070068205128206 0.9078349116210938 0.40458630402930407 0.909258890625 0.4328916029304029 0.9234987622070312 0.4419706666666666 0.9336446787109375 0.47641769010989016 0.9482658544921875 0.4681720256410256
0 0.7248839462890625 0.6707506637362637 0.7398358071289063 0.6902439362637363 0.7626196000976563 0.7148108051282052 0.7807754443359375 0.7404458124542125 0.7991092705078126 0.7404458124542125 0.8064072153320313 0.7610071934065934 0.83702293359375 0.7545984417582418 0.863480044921875 0.7332758542124542 0.8694186357421875 0.6543781963369963 0.8583827407226563 0.6420947567765568 0.8530427890625 0.6199311728937729 0.8288350102539063 0.6028411743589743 0.80907719140625 0.5569118183150182 0.7896753637695313 0.5793424344322344 0.7629756049804688 0.6130719274725275 0.7409038017578125 0.6325652051282051 0.7248839462890625 0.6707506637362637
0 0.5560966899414063 0.9188104578754579 0.5671325986328125 0.9647398197802198 0.5840424458007812 0.9674101311355311 0.591518373046875 0.9455135641025642 0.613573314453125 0.9309351318681318 0.614480181640625 0.9313609142857142 0.6187521323242188 0.9118676417582418 0.6125221884765625 0.87448327985348 0.6007742973632813 0.8600636036630036 0.600240296875 0.8336275142857142 0.5607246591796875 0.8157364249084248 0.5495107548828125 0.852052668864469 0.5569866821289062 0.8782217201465201 0.5560966899414063 0.9188104578754579
0 0.3514120458984375 0.8872339267399267 0.33806216650390625 0.904323915018315 0.343046126953125 0.9406401582417582 0.3697458857421875 0.9673432739926741 0.38790171630859377 0.9539917164835165 0.3959341494140625 0.9225880336996337 0.40783754443359377 0.9315610952380953 0.42741735400390624 0.9147381545787545 0.430087330078125 0.8907053296703298 0.422789412109375 0.8845636153846154 0.4217214111328125 0.8514517472527473 0.4024975927734375 0.8375661304029304 0.37241586181640624 0.8351628454212454 0.3553280185546875 0.8466451890109891 0.3514120458984375 0.8872339267399267
0 0.20489174365234375 0.9417755238095238 0.21646163916015626 0.9393722395604396 0.2167935283203125 0.9172458908424909 0.21699562646484374 0.9180097362637363 0.2258955458984375 0.9158734893772893 0.22536155908203126 0.8752847509157509 0.21414765478515624 0.8584617904761904 0.18495591552734375 0.8555244512820513 0.1612821376953125 0.9006527113553114 0.16163812890625 0.9444458351648352 0.1931438388671875 0.961001758974359 0.20489174365234375 0.9417755238095238
0 0.1041321005859375 0.8571677846153847 0.1076017568359375 0.8392429157509157 0.10786568505859374 0.8393904864468864 0.10851500537109375 0.8157685494505494 0.0956909697265625 0.8011570549450548 0.08627585205078125 0.7600013545787546 0.0651730126953125 0.770472915018315 0.04569346875 0.8006700029304029 0.033194099609375 0.8530278593406593 0.05738120263671875 0.8798156095238097 0.1041321005859375 0.8571677846153847
0 0.05558990771484375 0.6065158717948719 0.078640708984375 0.6194226908424908 0.07858053515625 0.6190946578754579 0.0888674619140625 0.617718032967033 0.0900037763671875 0.5833810051282051 0.11159360888671875 0.5770493516483517 0.107210716796875 0.5373547926739927 0.0794523564453125 0.5485569399267399 0.06062213330078125 0.5424688168498168 0.04617480224609375 0.560733180952381 0.04520082763671875 0.5853292029304029 0.05558990771484375 0.6065158717948719
2 0.48140016748046877 0.7280181787545787 0.499256416015625 0.7231476805860806 0.5104571689453125 0.6951423201465202 0.5130544262695312 0.6698157208791209 0.4919515869140625 0.6498466761904762 0.48740635546875 0.6370458556776557 0.47068643310546876 0.6519008813186813 0.45477812158203124 0.6959789054945055 0.4541288134765625 0.7247148249084249 0.46630351611328125 0.7327511538461539 0.48140016748046877 0.7280181787545787