0 0.2174765498046875 0.23990094578754578 0.1893504560546875 0.20752876996336997 0.1465833818359375 0.199435726007326 0.12693364453125 0.22660523076923078 0.1250072001953125 0.2566651084249084 0.12693364453125 0.2907715084249084 0.1454275146484375 0.302911073992674 0.16238022900390625 0.3266121311355311 0.1997532578125 0.31620678901098903 0.2255676181640625 0.3046452974358974 0.2259529072265625 0.2780538673992674 0.2174765498046875 0.23990094578754578
0 0.08553414892578125 0.3358613245421246 0.0470052529296875 0.37979499194139194 0.05779334375 0.39944952673992673 0.07667250244140625 0.40812064542124543 0.09169877197265625 0.3942468556776557 0.12367775537109375 0.40869872014652014 0.14332749267578124 0.39944952673992673 0.1259894892578125 0.3913564827838828 0.109036775390625 0.3867318864468864 0.1113485087890625 0.364186978021978 0.08553414892578125 0.3358613245421246
0 0.0327495615234375 0.42835325567765564 0.04276707421875 0.45089816336996336 0.08129597021484375 0.44511741831501833 0.1267600673828125 0.45841313333333333 0.12984237890625 0.45089816336996336 0.0863047265625 0.4352901501831502 0.08129597021484375 0.41274524175824173 0.06280210009765624 0.39829337802197806 0.04315236328125 0.4011837509157509 0.0327495615234375 0.42835325567765564
0 0.028896671875 0.4295094043956044 0.021961470703125 0.43124362857142856 0.00231173388671875 0.4537885362637362 0.00231173388671875 0.4896291597069597 0.02311733740234375 0.5167986644688645 0.03737302880859375 0.5058152476190476 0.04430822998046875 0.5110179186813186 0.050472853515625 0.4954099054945055 0.04816111962890625 0.4774895941391941 0.04392294140625 0.46592810256410255 0.04122591845703125 0.44453934358974356 0.028896671875 0.4295094043956044
0 0.1729947421875 0.4185259875457875 0.15758318408203126 0.4271971062271062 0.150647982421875 0.4456954923076923 0.15835376171875 0.46361580439560435 0.18301225537109375 0.4786457428571429 0.209982482421875 0.45263238754578755 0.20805603759765626 0.4254628827838828 0.18917687841796876 0.4202602117216117 0.1729947421875 0.4185259875457875
0 0.12059544384765625 0.5075494710622711 0.1333099794921875 0.4890510849816849 0.152189138671875 0.48673878681318683 0.15796847265625 0.47517729523809527 0.14987740478515624 0.45263238754578755 0.13908931396484375 0.441070895970696 0.13215411279296874 0.4399147465201465 0.1194395771484375 0.43933667252747255 0.107880908203125 0.446273567032967 0.09632223974609375 0.4514762380952381 0.08553414892578125 0.45899120732600734 0.0863047265625 0.47806766813186813 0.09285463916015625 0.49136338315018313 0.10980735302734375 0.523157484981685 0.12059544384765625 0.5075494710622711
0 0.04161120751953125 0.4630377296703297 0.050087564453125 0.4844264886446887 0.04931698681640625 0.4919414578754579 0.06742556787109374 0.5075494710622711 0.0824518369140625 0.49367568205128204 0.08476357080078124 0.47806766813186813 0.08514885986328125 0.4711307736263737 0.09246935009765625 0.4705526989010989 0.09246935009765625 0.45899120732600734 0.08091068115234375 0.459569282051282 0.079369525390625 0.44685164175824177 0.0604903662109375 0.44685164175824177 0.04816111962890625 0.44511741831501833 0.04161120751953125 0.4630377296703297
0 0 0.6393504732600732 0.0100175126953125 0.6433969948717949 0.02735551611328125 0.6520681135531136 0.0400700517578125 0.666519978021978 0.05663747705078125 0.658426934065934 0.07166374609375 0.6387723985347985 0.08476357080078124 0.653224263003663 0.094010505859375 0.6485996659340659 0.09516637255859375 0.6272109069597069 0.0832224150390625 0.6099093157509158 0.09285463916015625 0.6040879245421246 0.08823117138671875 0.5965729553113553 0.0909281943359375 0.5786526432234432 0.1125043759765625 0.5757622703296703 0.12868651220703126 0.5670911516483517 0.12868651220703126 0.5526392879120879 0.107495619140625 0.5485927655677656 0.09555166162109376 0.523735558974359 0.079754814453125 0.5306724542124542 0.0685814345703125 0.5468585421245421 0.06280210009765624 0.5144863663003664 0.05586689892578125 0.5058152476190476 0.0473905419921875 0.49887835311355305 0.04507880810546875 0.5087056205128204 0.0400700517578125 0.5029248747252747 0.03429071728515625 0.5110179186813186 0.02697022705078125 0.5225794102564102 0.01271453564453125 0.5433900945054945 0 0.5618884805860805 0 0.6393504732600732
0 0.1117337978515625 0.5769184197802198 0.09516637255859375 0.5780745684981685 0.0832224150390625 0.5948387311355312 0.08784588232421875 0.6237424600732601 0.10711033056640624 0.6301012798534799 0.1194395771484375 0.6266328322344322 0.13099824560546874 0.6098686703296703 0.14602451513671874 0.6029317750915751 0.14525393701171874 0.5896360600732601 0.13215411279296874 0.5855895384615384 0.144483359375 0.5786526432234432 0.1475656708984375 0.5642007794871795 0.137548158203125 0.5526392879120879 0.12791593408203125 0.5607323318681319 0.122521888671875 0.5774964945054946 0.1117337978515625 0.5769184197802198
0 0.21691768359375 0.4850045633699634 0.20073554736328125 0.4890510849816849 0.1918739013671875 0.5139082915750915 0.1914886123046875 0.5485927655677656 0.20304728076171874 0.5676692263736264 0.2207705732421875 0.5688253758241758 0.2342556865234375 0.554951586080586 0.2346409755859375 0.5300943794871795 0.23656742041015624 0.5092836952380952 0.2307880859375 0.4873168615384615 0.21691768359375 0.4850045633699634
0 0.2847285400390625 0.5335628271062272 0.2843432509765625 0.5272040065934066 0.27432573828125 0.5266259318681319 0.266619958984375 0.5006125765567766 0.2539054233398437 0.4948318307692308 0.24311733251953124 0.4948318307692308 0.23541155322265625 0.5081275457875458 0.230402796875 0.5445462439560439 0.238879154296875 0.5613104065934066 0.2577583129882812 0.5595761824175824 0.26199649169921874 0.571137673992674 0.27548160498046875 0.5630446300366301 0.27432573828125 0.5416558710622711 0.2847285400390625 0.5335628271062272
0 0.3278809033203125 0.45841313333333333 0.3140105009765625 0.4428051194139194 0.30514885498046873 0.43818052307692307 0.2774080498046875 0.44453934358974356 0.267775826171875 0.47459922124542125 0.2639229365234375 0.510439843956044 0.2785639169921875 0.5277820813186813 0.2866549848632812 0.539921646886447 0.310928189453125 0.5376093487179487 0.31863396826171875 0.5208451868131868 0.325569169921875 0.4983002783882784 0.33404552685546873 0.4740211465201465 0.3278809033203125 0.45841313333333333
0 0.25429071240234374 0.5728718974358974 0.2485113779296875 0.5850114637362638 0.2631523583984375 0.5988852534798536 0.27971978369140627 0.592526432967033 0.2916637412109375 0.5751841956043956 0.2943607641601563 0.5642007794871795 0.3059194326171875 0.5532173626373627 0.30437827685546875 0.539921646886447 0.2878108515625 0.5503269897435897 0.27933449462890625 0.5509050637362637 0.25429071240234374 0.5728718974358974
0 0.22539404052734374 0.5630446300366301 0.21614710546875 0.5821210908424909 0.223467595703125 0.5983071787545787 0.23964973193359376 0.5936825824175824 0.2627670693359375 0.5959948805860805 0.2631523583984375 0.5913702835164835 0.2492819560546875 0.581543016117216 0.25852889111328126 0.5740280468864468 0.2569877353515625 0.5699815245421245 0.2616112026367188 0.5595761824175824 0.23656742041015624 0.5613104065934066 0.22963221923828125 0.5572638842490842 0.22539404052734374 0.5630446300366301
0 0.24388791064453125 0.6289451311355311 0.25352013427734377 0.6376162490842491 0.2785639169921875 0.6503338901098902 0.29127845263671875 0.6358820256410257 0.29127845263671875 0.6023537003663004 0.30283712109375 0.5850114637362638 0.30476356591796877 0.5665130776556776 0.2985989423828125 0.5607323318681319 0.2920490302734375 0.5694034505494506 0.28318738427734375 0.5861676124542124 0.2697022705078125 0.5971510293040293 0.2562171572265625 0.5959948805860805 0.24619964453125 0.6029317750915751 0.24388791064453125 0.6289451311355311
0 0.24735551123046876 0.6035098498168497 0.2408055986328125 0.6069782974358975 0.22847635205078126 0.6277889816849817 0.22500875146484375 0.645709293040293 0.23964973193359376 0.6676761267399267 0.25737302392578126 0.6751910967032967 0.27162871533203126 0.6561146358974359 0.27162871533203126 0.6405066219780219 0.25737302392578126 0.6364601003663004 0.2481260888671875 0.6266328322344322 0.2496672451171875 0.6104467443223444 0.24735551123046876 0.6035098498168497
0 0.27663747216796875 0.8220220366300366 0.26854640380859374 0.8133509179487179 0.2569877353515625 0.8098824710622711 0.24697022216796874 0.8116166945054946 0.2269351962890625 0.7983209794871795 0.21807355029296874 0.801789427106227 0.1988091025390625 0.839364273992674 0.18994745654296874 0.8780952703296704 0.18551663330078125 0.9278096827838829 0.20343256982421876 0.9659626043956044 0.2346409755859375 0.9740556483516483 0.26469351416015624 0.9370588761904762 0.27586689404296877 0.9122016695970696 0.27933449462890625 0.8896567611721611 0.267390537109375 0.8624872564102564 0.27663747216796875 0.8220220366300366
0 0.02735551611328125 0.9607599333333333 0.02966725 0.982726767032967 0.07436076904296875 0.9983347802197803 0.0970928173828125 0.9769460212454212 0.12907180078125 0.9364808014652014 0.14910682666015626 0.9029524761904762 0.13446584619140625 0.8873444630036631 0.122907177734375 0.8948594322344322 0.109036775390625 0.9116235948717949 0.09246935009765625 0.8965936564102565 0.0685814345703125 0.8919690593406593 0.050472853515625 0.8919690593406593 0.03852889599609375 0.9145139677655678 0.02735551611328125 0.9607599333333333
0 0.1406304697265625 0.8335835282051282 0.14602451513671874 0.8098824710622711 0.1402451806640625 0.8041017252747252 0.12059544384765625 0.8139289926739928 0.12059544384765625 0.811589167032967 0.1051838857421875 0.7994771289377289 0.06973730126953125 0.8110386197802197 0.0539404541015625 0.8572845853479854 0.050858142578125 0.882141791941392 0.0581786328125 0.8960155816849817 0.065113833984375 0.9052647743589742 0.0870753046875 0.9041086256410256 0.0978633955078125 0.908733221978022 0.1125043759765625 0.9098893714285715 0.1340805576171875 0.8861883142857142 0.14563922607421875 0.8705803003663004 0.1406304697265625 0.8335835282051282
0 0.2616112026367188 0.735888926007326 0.224238173828125 0.74398196996337 0.21383537158203125 0.7902279355311355 0.24427319970703126 0.8121947692307693 0.281260939453125 0.7902279355311355 0.2885814296875 0.7428258212454213 0.2920490302734375 0.7058290483516483 0.2858844072265625 0.7012044520146521 0.2616112026367188 0.735888926007326
0 0.1837828330078125 0.6919552586080586 0.1841681220703125 0.7214370615384615 0.20805603759765626 0.7341547025641025 0.22963221923828125 0.7168124652014652 0.24735551123046876 0.6728787978021978 0.223467595703125 0.6358820256410257 0.20767074853515624 0.6306793545787546 0.18532398876953124 0.6642076798534798 0.1837828330078125 0.6919552586080586
0 0.194956212890625 0.7428258212454213 0.21383537158203125 0.7445600446886447 0.2192294169921875 0.7266397333333333 0.20805603759765626 0.7341547025641025 0.1837828330078125 0.7208589875457876 0.18609456689453124 0.6792376183150183 0.17183887548828125 0.674613021978022 0.1729947421875 0.6757691706959708 0.14525393701171874 0.6844402893772894 0.1410157587890625 0.7098755706959706 0.1329246904296875 0.7121878688644688 0.1329246904296875 0.727795882051282 0.137548158203125 0.7364670007326007 0.13562171337890624 0.7543873120879121 0.1483362490234375 0.7671049531135532 0.165288962890625 0.757277684981685 0.1760770537109375 0.7711514747252748 0.194956212890625 0.7428258212454213
0 0.1479509599609375 0.7665268783882785 0.137933447265625 0.7543873120879121 0.13099824560546874 0.7561215362637362 0.13485113525390624 0.765370728937729 0.12367775537109375 0.7861814131868132 0.137162869140625 0.8104605457875459 0.1548861611328125 0.8121947692307693 0.17530647607421876 0.7954306065934066 0.18725043359375 0.7740418476190476 0.18840630078125 0.7601680578754578 0.18493869970703125 0.7549653868131869 0.17415060888671874 0.7694172512820514 0.165674251953125 0.757277684981685 0.1479509599609375 0.7665268783882785
0 0.27586689404296877 0.6977360043956043 0.2924343193359375 0.6821279912087912 0.2928196083984375 0.6705664996336996 0.27394044921875 0.661895380952381 0.2631523583984375 0.67374590989011 0.24697022216796874 0.6699884249084249 0.2315586640625 0.6994702285714286 0.223467595703125 0.7312643296703296 0.230402796875 0.7405135223443223 0.2411908876953125 0.7451381194139194 0.25929946875 0.7335766278388278 0.2785639169921875 0.7116097941391941 0.27586689404296877 0.6977360043956043
0 0.0301131640625 0.11068383003663003 0.0108842763671875 0.08709547252747252 0.0077399296875 0.1239296 0.00447464697265625 0.17292080366300366 0.00459558349609375 0.1725579054945055 0.01027959423828125 0.18326339047619047 0.020438251953125 0.19941234285714288 0.038941521484375 0.210480726007326 0.05466325341796875 0.20104538315018314 0.06264505615234375 0.18634802197802197 0.05575168115234375 0.15386866886446887 0.03821590283203125 0.12792147545787544 0.0301131640625 0.11068383003663003
0 0.46469243359375 0.6625410234432235 0.4656551943359375 0.6466515948717949 0.4589158701171875 0.6384661311355311 0.45442298779296875 0.6437626073260073 0.45089286572265624 0.6297991706959707 0.4422280205078125 0.6293176725274726 0.44639998291015626 0.6500220791208791 0.44030249951171874 0.651948071062271 0.43966065869140625 0.6779489538461538 0.4386978984375 0.7126167985347985 0.445758142578125 0.7246542439560439 0.4634087529296875 0.7256172395604396 0.47913384228515626 0.7135797941391941 0.48394764501953125 0.6760229626373626 0.4727154384765625 0.6577260446886447 0.46469243359375 0.6625410234432235
0 0.390466318359375 0.7545862146520147 0.3993773754882812 0.7598531252747251 0.404643 0.7472935692307692 0.4144991694335938 0.7406086446886446 0.41895469775390626 0.7262259274725275 0.418684666015625 0.7134637985347986 0.4165244096679688 0.6966501992673992 0.41044868896484377 0.6869266725274725 0.408018400390625 0.6800391743589743 0.40599316015625 0.667682191941392 0.40882849658203124 0.6543123421245421 0.40564311865234376 0.6505035772893772 0.3931272314453125 0.6476145904761905 0.3883134287109375 0.6683189970695971 0.3748347807617188 0.6678374996336996 0.36809545654296877 0.6952828761904761 0.36424441455078127 0.7251959289377289 0.3597515317382812 0.7405436725274726 0.3711590283203125 0.7608659926739926 0.3820953251953125 0.7539784945054945 0.3873609501953125 0.7586376842490843 0.390466318359375 0.7545862146520147
0 0.3556321865234375 0.7527630534798534 0.35077160986328126 0.7483064366300366 0.3395652802734375 0.7738306952380952 0.3253885986328125 0.780920767032967 0.31107690087890627 0.8088759076923078 0.319042845703125 0.827107520879121 0.3301141591796875 0.8252843597069598 0.34199556884765625 0.8094836278388279 0.3495564653320313 0.8021909824175824 0.34847633740234374 0.7876056923076923 0.345235953125 0.7766667245421246 0.3556321865234375 0.7527630534798534
0 0.3812852294921875 0.7535733472527473 0.3761546206054687 0.7533707736263737 0.368863755859375 0.7657277560439559 0.36467825927734376 0.7827439289377289 0.36400317919921876 0.7955060578754579 0.3671085478515625 0.8009755421245421 0.3766946845703125 0.7957086315018315 0.38385053369140626 0.772007534065934 0.38884612646484373 0.7596505516483517 0.3857407578125 0.7570170967032966 0.38695590185546874 0.7446601142857143 0.3839855498046875 0.7452678344322344 0.3812852294921875 0.7535733472527473
0 0.40099756787109375 0.7551939355311355 0.39627200732421874 0.7539784945054945 0.39357168701171874 0.759245405128205 0.388441078125 0.7612711399267399 0.3819603095703125 0.7754512835164835 0.3787199248046875 0.7932777494505494 0.3847956459960937 0.79793693992674 0.3946518149414063 0.7967214989010989 0.399917439453125 0.7906442945054946 0.40234772802734375 0.7790976058608058 0.39897232763671875 0.7634994483516483 0.40099756787109375 0.7551939355311355
0 0.36369403466796874 0.7443088410256411 0.35836797119140623 0.7426780153846154 0.354563640625 0.7490382358974359 0.34880279638671874 0.7676296483516484 0.34586802685546875 0.7761099421245421 0.347063673828125 0.783285575091575 0.350107138671875 0.7896457956043955 0.3616288266601563 0.776273024908425 0.364889681640625 0.7717067128205127 0.36499837646484373 0.7635525846153847 0.36738967041015624 0.7519737223443224 0.36369403466796874 0.7443088410256411
0 0.3155420747070313 0.8783627120879121 0.32195508984375 0.880482786080586 0.3261942016601562 0.885375263003663 0.326520287109375 0.8933663084249085 0.330650703125 0.8932032263736265 0.330650703125 0.8839075194139194 0.3288028852539063 0.8746118131868132 0.3307593984375 0.8671100153846153 0.3307593984375 0.8600974644688644 0.338368060546875 0.8512910058608059 0.3407593540039062 0.8300902717948718 0.344237599609375 0.8186744923076924 0.3477158447265625 0.8178590798534798 0.355759287109375 0.8017139054945055 0.361846216796875 0.7919289509157509 0.35717232470703125 0.790461208058608 0.34391151416015625 0.815412841025641 0.33554198583984374 0.8211207311355311 0.33565068115234376 0.8260132080586081 0.3281507143554688 0.8291117765567766 0.32793332421875 0.8333519238095238 0.3192377104492187 0.8305795201465201 0.31206382958984374 0.8312318498168497 0.3107594873046875 0.846398528937729 0.3094551455078125 0.8648268593406594 0.3155420747070313 0.8783627120879121
0 0.3650118564453125 0.8381150183150183 0.3681597436523438 0.8548601443223444 0.3774603203125 0.8720346322344323 0.3865954541015625 0.8705721172161173 0.3997817041015625 0.8467022622710623 0.402786505859375 0.8327479904761904 0.4004971328125 0.829313093040293 0.395059873046875 0.8052688095238096 0.3953460444335937 0.8056981721611721 0.39334284326171876 0.800760506959707 0.3936290151367188 0.788309002930403 0.38905026953125 0.7910998571428571 0.3881917548828125 0.8044100857142857 0.3841853525390625 0.8069862586080586 0.37517094775390625 0.8134266915750916 0.37030603076171875 0.8252341523809523 0.3650118564453125 0.8381150183150183
0 0.435684173828125 0.6352761553113554 0.4305873486328125 0.6290451809523809 0.4305873486328125 0.6293284065934066 0.42247018212890625 0.634992928937729 0.41963861279296877 0.6502871384615384 0.4109551328125 0.6525529472527473 0.4079347919921875 0.6737949054945055 0.41265407421875 0.693337506959707 0.4220926396484375 0.7015510637362637 0.4302098056640625 0.689655567032967 0.43285260400390624 0.6621826351648351 0.42907717822265623 0.6508535904761905 0.435684173828125 0.6352761553113554
0 0.4234140390625 0.7366711010989011 0.42756700732421876 0.7315730307692307 0.4364392587890625 0.7318562571428572 0.43813820068359377 0.7066491333333333 0.44040345654296875 0.6882394366300366 0.439837142578125 0.6652981223443223 0.4385157431640625 0.6568013391941392 0.43927082861328126 0.6429232600732601 0.435684173828125 0.6406574512820513 0.435306630859375 0.6409406769230769 0.4320975190429687 0.6573677912087912 0.42869963525390625 0.6763439399267399 0.42907717822265623 0.6899387934065934 0.42058246923828124 0.6967362197802198 0.42077124072265626 0.7097646205128205 0.41963861279296877 0.7242091523809524 0.42058246923828124 0.7358214227106228 0.4234140390625 0.7366711010989011
0 0.42152632568359377 0.7923778263736264 0.43171997607421875 0.790395243956044 0.4443676538085938 0.7734016776556776 0.44172485546875 0.7530093978021978 0.4364532421875 0.7377361677655677 0.4368168017578125 0.7382816402930403 0.4370055727539062 0.7377151882783882 0.42888840673828127 0.7312009875457876 0.4243578955078125 0.7360158315018315 0.41869475634765624 0.734033249084249 0.41322038818359375 0.7399809970695971 0.40302673779296877 0.7467784234432234 0.40019516845703124 0.7637719897435896 0.40208288134765624 0.7784997472527473 0.4077460205078125 0.7901120175824176 0.42152632568359377 0.7923778263736264
0 0.43304137548828125 0.8440137948717948 0.4428574833984375 0.8188066717948718 0.4488981650390625 0.7961485831501831 0.4322862900390625 0.7919001912087912 0.425301751953125 0.7913337391941392 0.4151081015625 0.792466643956044 0.40321550927734373 0.7967150351648351 0.40019516845703124 0.8054950446886446 0.39774114111328124 0.8227718366300366 0.4026491953125 0.8298524893772894 0.4018941098632812 0.8391989509157509 0.4118989892578125 0.8485454124542124 0.43304137548828125 0.8440137948717948
0 0.392455544921875 0.8864977106227107 0.39585342822265623 0.8839486754578755 0.4088786484375 0.8966938505494506 0.42360281005859374 0.8907461025641026 0.4264343798828125 0.8825325450549449 0.4241691240234375 0.8706370490842491 0.4281333212890625 0.8737525362637362 0.43492908837890626 0.8661054307692307 0.43190874755859376 0.8505279956043956 0.4322862900390625 0.8502447692307692 0.42662315087890623 0.8454299252747254 0.4137867021484375 0.8457131516483516 0.4058583076171875 0.8397654029304029 0.4026491953125 0.8428808901098901 0.3996288544921875 0.8516608996336996 0.394532029296875 0.8573254219780221 0.3911341455078125 0.8737525362637362 0.392455544921875 0.8864977106227107
0 0.3463953461914063 0.8159744102564102 0.3394108076171875 0.8363666901098901 0.33714555224609377 0.8553428388278389 0.3460178037109375 0.8624234915750915 0.355078826171875 0.8666718835164836 0.371313158203125 0.8587415523809524 0.36697141845703124 0.8318350725274726 0.3707468447265625 0.8168240886446887 0.363384763671875 0.8046453663003663 0.3463953461914063 0.8159744102564102
0 0.33865572265625 0.8564757435897437 0.3316711840820312 0.8615738131868131 0.32827330078125 0.8788506058608059 0.3252529599609375 0.8856480322344322 0.3312936416015625 0.9156699992673992 0.33488029638671873 0.933513243956044 0.344696404296875 0.9346461487179487 0.3526247993164062 0.9139706432234431 0.3562114541015625 0.8998093377289377 0.36262967822265624 0.8921622329670329 0.36508370556640624 0.8748854402930404 0.3579103955078125 0.8627067179487179 0.34733920263671875 0.8610073611721611 0.33865572265625 0.8564757435897437
0 0.3641398486328125 0.8771512490842491 0.36168582177734376 0.8981099809523809 0.3528135703125 0.9105719296703296 0.34903814453125 0.9306809831501831 0.34922691552734375 0.9301145311355311 0.3575328530273438 0.9442758358974359 0.36810404638671873 0.9442758358974359 0.3756548984375 0.9357790527472527 0.3830169794921875 0.9295480783882785 0.3852822348632812 0.8998093377289377 0.37924155322265624 0.8918790065934066 0.3849046923828125 0.874602213919414 0.3724457861328125 0.8607241347985347 0.3624409072265625 0.8644060747252746 0.3641398486328125 0.8771512490842491
0 0.3562114541015625 0.9604197245421244 0.3599868798828125 0.9799623252747253 0.3620633642578125 1 0.4062358500976562 1 0.4158631865234375 0.9711823164835166 0.42567929443359376 0.9303977567765569 0.4058583076171875 0.9077396688644689 0.400383939453125 0.9074564424908425 0.385848548828125 0.9202016175824176 0.3790527817382813 0.9377616358974359 0.3582879384765625 0.9499403582417584 0.3562114541015625 0.9604197245421244
0 0.322232619140625 0.9182190344322344 0.3127940537109375 0.9550384285714286 0.30127900390625 0.9607029501831502 0.28844255517578127 0.9825113604395604 0.28561098583984373 1 0.33620169580078124 0.9997881531135532 0.34129852099609376 0.9793958732600734 0.3437525478515625 0.9570210109890109 0.3269519013671875 0.9363455054945056 0.32959469970703126 0.9196351648351647 0.322232619140625 0.9182190344322344
0 0.4804188779296875 0.6065923465201465 0.49479761181640625 0.6510081040293041 0.5430086611328125 0.645297506959707 0.5480835087890625 0.6142064761904762 0.5413170454101562 0.5640801216117216 0.4909914765625 0.5659836534798535 0.48211049365234376 0.5799428915750915 0.4804188779296875 0.6065923465201465
0 0.43542327001953124 0.4614242315018315 0.467833193359375 0.44381932893772896 0.47748208056640623 0.4111429758241758 0.45790862353515627 0.37722574871794873 0.42923764404296877 0.391288989010989 0.42317262890625 0.4190018454212454 0.43542327001953124 0.4614242315018315
2 0.49043915771484375 0.456641695970696 0.496228490234375 0.47815018168498163 0.5133208046875 0.4917997970695971 0.53289426171875 0.48476817655677656 0.5362099897460938 0.4515331882783883 0.5193858198242187 0.4301697135531135 0.49485007763671873 0.43720133333333333 0.49043915771484375 0.456641695970696
0 0.5464027041015626 0.5257170249084249 0.5276562944335937 0.4942815457875458 0.506980107421875 0.48311367765567764 0.4915418876953125 0.48518180146520146 0.4813416352539063 0.4988314175824176 0.48575255517578125 0.5207535282051282 0.47913617529296876 0.5497072586080586 0.49457439501953127 0.5641841238095238 0.5202128671875 0.5679067465201465 0.5301374370117188 0.5612887509157509 0.5464027041015626 0.5257170249084249
0 0.42482672412109374 0.5832108615384615 0.44688132373046874 0.5778337399267399 0.455978845703125 0.5534298813186813 0.44632995849609375 0.524062526007326 0.42041580419921876 0.5281987728937728 0.41545351904296873 0.5509481326007326 0.42482672412109374 0.5832108615384615
0 0.5430945141601563 0.8793661641025642 0.5621166064453125 0.8971520271062271 0.5849982534179687 0.8946702783882785 0.5998851079101563 0.8619939252747252 0.6007121552734375 0.8632348 0.597128283203125 0.8334538197802197 0.5880307607421875 0.8111180842490843 0.5676302563476563 0.8049137135531135 0.5535704487304688 0.8003638417582418 0.5491595288085938 0.8090499604395605 0.5408890541992187 0.8260085743589743 0.5364781342773437 0.8599258021978022 0.5430945141601563 0.8793661641025642
0 0.5792089208984375 0.8847432849816851 0.579484603515625 0.8971520271062271 0.5632193364257813 0.9025291487179486 0.5588084165039062 0.9269330073260074 0.5690086684570312 0.9711908527472528 0.58968485546875 1 0.6219397075195312 0.999317334065934 0.6230424375 0.9558867377289378 0.6285560874023437 0.9203150117216117 0.6144962802734375 0.8909476564102563 0.59271736328125 0.9004610249084248 0.586376666015625 0.8772980402930404 0.5792089208984375 0.8847432849816851
0 0.6605352568359375 0.9902175897435896 0.6762491591796875 0.9682954798534799 0.6781789365234375 0.9256921333333334 0.6575027495117187 0.8888795326007327 0.6566757016601562 0.8892931575091575 0.6332426899414062 0.8619939252747252 0.6246965327148437 0.8595121772893773 0.6227667548828125 0.8665437978021978 0.6329670073242187 0.9091471443223443 0.6346211025390625 0.9331373780219779 0.6384806572265626 0.9579548615384617 0.645097037109375 0.9670546051282052 0.6605352568359375 0.9902175897435896
0 0.5615652412109375 0.7163980227106227 0.5538461313476563 0.7213615194139193 0.55246771875 0.7664466139194139 0.5516406713867188 0.7991229677655677 0.5894091733398438 0.8123589582417582 0.6004364731445313 0.7759599831501831 0.5963012353515625 0.7490743758241758 0.5736952709960937 0.7366656336996337 0.5615652412109375 0.7163980227106227
2 0.651437734375 0.7594149941391941 0.6384806572265626 0.727979515018315 0.616701740234375 0.7395610073260073 0.5943714580078125 0.7176388967032967 0.58968485546875 0.7209478945054946 0.5943714580078125 0.7602422432234431 0.6065014877929688 0.7672738637362637 0.6153233276367187 0.7962275941391942 0.6373779272460938 0.8202178285714286 0.6569513842773438 0.7974684688644689 0.651437734375 0.7594149941391941
0 0.629383134765625 0.8611666761904762 0.640134751953125 0.8396581904761905 0.6291074526367187 0.8119453340659339 0.6200099301757812 0.7933322212454212 0.6026419331054688 0.7726509853479854 0.59657691796875 0.7697556117216117 0.594095775390625 0.7759599831501831 0.5957498706054688 0.8202178285714286 0.6037446630859375 0.8512396827838827 0.6128421850585938 0.8657165479853479 0.629383134765625 0.8611666761904762
2 0.699957853515625 0.7606558681318683 0.6828655390625 0.7379065084249085 0.6699084614257812 0.7337702608058608 0.6682543666992188 0.7457653780219781 0.6517134169921875 0.727979515018315 0.6456484018554688 0.7321157619047619 0.6561243369140625 0.7652057399267399 0.6561243369140625 0.7933322212454212 0.6707355092773437 0.8090499604395605 0.6919630610351563 0.8032592146520147 0.699957853515625 0.7606558681318683
0 0.6492322744140625 0.7093664021978021 0.647026814453125 0.7246705172161172 0.660810939453125 0.7362520095238095 0.6820384912109375 0.7288067641025641 0.6814871264648438 0.7035756564102564 0.6597082094726563 0.6671766805860806 0.6525404643554688 0.6651085567765568 0.6481295444335937 0.6762764241758241 0.6423402119140625 0.6704856783882783 0.6393077045898438 0.6729674263736264 0.6434429418945312 0.6816535457875458 0.6337940546875 0.6849625435897436 0.632415642578125 0.7010939076923077 0.6376536098632812 0.7052301553113554 0.6492322744140625 0.7093664021978021
0 0.6547459243164062 0.6560088124542125 0.651437734375 0.6311913296703296 0.6393077045898438 0.6183689626373626 0.6164260576171875 0.6229188351648351 0.6122908203125 0.6245733340659341 0.6095339951171875 0.6332594527472527 0.6095339951171875 0.6411183223443224 0.6150476450195312 0.6431864461538461 0.6200099301757812 0.6584905611721612 0.6241451674804688 0.6737946761904762 0.6271776748046874 0.6907532893772894 0.6484052270507813 0.677930923076923 0.6547459243164062 0.6560088124542125
0 0.6787303012695313 0.6597314351648351 0.6894819189453125 0.6245733340659341 0.6745950639648437 0.6014103494505494 0.668898830078125 0.5950899545787546 0.6647780014648438 0.6045848967032967 0.6637477939453125 0.6160671516483516 0.6587439306640624 0.6231331545787546 0.653151376953125 0.6284326571428571 0.653151376953125 0.6436687267399267 0.6547702739257812 0.6604504842490843 0.6630163994140625 0.6646949318681319 0.6787303012695313 0.6597314351648351
0 0.6262096186523437 0.5756584461538461 0.6156223999023438 0.570579756043956 0.6159167446289062 0.5708005692307693 0.6035542578125 0.5756584461538461 0.605025982421875 0.5875823267399267 0.6032599130859375 0.6067930227106227 0.6106185361328125 0.6237955926739926 0.6271018515625 0.6226915296703297 0.6349019921875 0.6167295897435897 0.6385813037109375 0.5906737025641026 0.6262096186523437 0.5756584461538461
0 0.6453512368164063 0.6271077816849817 0.6507966176757812 0.6262245311355311 0.6618345522460938 0.6202625912087912 0.665955380859375 0.6037016461538461 0.666838416015625 0.5902320776556776 0.6621288969726562 0.5710213816849816 0.65167965234375 0.5712421941391941 0.6466757885742187 0.5752168205128205 0.6394643383789063 0.5668259421245421 0.6368152338867188 0.5708005692307693 0.6269546791992188 0.5646178161172161 0.6253357822265625 0.5712421941391941 0.633430267578125 0.5838285120879121 0.6390228208007812 0.5917777655677656 0.6415247529296875 0.6078970857142858 0.6453512368164063 0.6271077816849817
0 0.7707421723632812 0.885900147985348 0.7703006552734375 0.849024443956044 0.7572023061523437 0.8185523054945055 0.7274734692382813 0.7911715428571428 0.7109901538085938 0.7971334827838827 0.7053976000976563 0.8086157384615384 0.7077523598632812 0.8532198835164835 0.7106958090820312 0.8640397003663004 0.718054431640625 0.8971615904761905 0.7363038168945313 0.910631158974359 0.7570551337890625 0.9101895340659341 0.7707421723632812 0.8971615904761905 0.7707421723632812 0.885900147985348
0 0.77942534765625 0.874417893040293 0.7704478276367187 0.885900147985348 0.7663269985351563 0.8918620879120879 0.7663269985351563 0.9064357194139193 0.7795725200195313 0.9199052879120879 0.7906104545898438 0.959651556043956 0.8007653544921876 0.953689616117216 0.8079768046875 0.9322707934065935 0.8051805283203125 0.909085471062271 0.77942534765625 0.874417893040293
0 0.776923416015625 0.9912277575091575 0.78531224609375 0.9673799970695971 0.7817801069335938 0.9481693010989011 0.7757460361328125 0.924983978021978 0.7599985830078125 0.9064357194139193 0.7498436831054688 0.9088646578754578 0.744545474609375 0.9055524688644689 0.73910009375 0.9082022205128205 0.7392472661132813 0.9115144095238096 0.7402774731445313 0.9214509765567765 0.7404246459960937 0.949052550915751 0.7486663037109375 0.9587683054945054 0.7572023061523437 0.9790830644688644 0.776923416015625 0.9912277575091575
0 0.7960558354492188 0.83423 0.7856065908203125 0.8640397003663004 0.7847235561523438 0.8739762673992675 0.8118032885742188 0.9082022205128205 0.8275507421875 0.8872250234432235 0.8219581884765625 0.860065073992674 0.82269405078125 0.838646252014652 0.81283349609375 0.8269431838827839 0.8045918383789062 0.8269431838827839 0.8001766645507813 0.8220853069597069 0.7960558354492188 0.83423
0 0.8352037099609375 0.9384535465201465 0.8331432954101563 0.9179179750915751 0.8262261899414063 0.910631158974359 0.8238714306640625 0.8964991523809523 0.81872039453125 0.895836715018315 0.8163656352539063 0.9068773450549451 0.8118032885742188 0.9258672285714286 0.7997351469726562 0.9605348065934066 0.7909047993164062 0.9623013069597068 0.7922293515625 0.9753292505494505 0.810331564453125 0.9996186366300366 0.8249016376953126 0.9993978241758242 0.8419736430664062 0.9890196315018314 0.852717232421875 0.9737835626373627 0.8530115776367188 0.9567809919413919 0.8434453676757813 0.9468444249084249 0.8352037099609375 0.9384535465201465
0 0.8472230209960937 0.8630920395604397 0.8393520024414063 0.8492725164835164 0.8319833896484375 0.8384681619047619 0.8239449028320313 0.8352017289377289 0.8190883168945312 0.8512826285714287 0.822940091796875 0.8718862813186813 0.8251171821289063 0.8862083326007325 0.82193528125 0.9005303838827838 0.8276292094726563 0.9153549633699634 0.8344954169921875 0.9233954131868132 0.8355002275390625 0.943999065934066 0.8331556689453125 0.9633463985347985 0.8366725068359375 0.9811861465201465 0.8534193544921875 0.9786735062271062 0.8550940395507812 0.9628438703296704 0.8611229047851563 0.9630951347985348 0.8629650576171874 0.9766633934065934 0.87200835546875 0.9681204153846154 0.8718408872070312 0.9678691516483516 0.8773673466796875 0.9485218190476191 0.8726782294921875 0.942491482051282 0.8798793740234375 0.9271643743589744 0.8835636801757812 0.9058069289377289 0.8919371040039062 0.8909823501831502 0.8902624194335937 0.8784191472527473 0.8782046889648437 0.8673635282051282 0.8678216435546875 0.8766602981684982 0.858945814453125 0.8656046798534799 0.8472230209960937 0.8630920395604397
0 1 0.9718893765567765 0.9935904692382812 0.933948504029304 0.9595943686523437 0.9417376893772893 0.9505510708007813 0.9422402175824176 0.9503836025390625 0.9422402175824176 0.9503836025390625 0.942491482051282 0.9371535927734375 0.9678691516483516 0.9435173950195312 0.9884728043956045 0.95574259375 1 0.9994518657226562 0.9997796871794872 0.9996193344726563 0.9977695743589744 1 0.9718893765567765
2 0.8775969228515625 0.9334498864468864 0.8768216606445313 0.9660188542124541 0.8826361279296875 0.9753242732600732 0.9117084643554687 0.984629693040293 0.9287642348632813 0.9700899750915751 0.9245002919921875 0.9363578293040293 0.9105455708007812 0.9142574586080585 0.8896134887695313 0.9096047487179487 0.8775969228515625 0.9334498864468864
0 0.9717912924804688 0.8177137318681318 1 0.8153873772893773 1 0.7531573846153845 0.9764428662109375 0.7432703765567765 0.9628757758789063 0.7415256102564103 0.9144218823242187 0.70546710989011 0.8934898002929688 0.6816219728937729 0.8900011196289063 0.6967432791208791 0.9636510380859376 0.7612996263736264 0.9547355219726562 0.8002660703296703 0.9717912924804688 0.8177137318681318
0 0.9950491616210938 0.7098290256410256 0.9973749482421875 0.6728981421245421 0.9756676040039063 0.6397475853479854 0.954347890625 0.6444002952380953 0.9345787021484375 0.6461450615384615 0.9140342509765625 0.6496345934065934 0.8927145380859375 0.6368396417582418 0.8927145380859375 0.6502161824175824 0.9272137104492187 0.6670822549450549 0.9198487182617188 0.7037223443223444 0.9369044887695313 0.7234963604395604 0.9772181284179687 0.7234963604395604 0.9950491616210938 0.7098290256410256
0 0.9105455708007812 0.5705385282051282 0.902017685546875 0.5362247941391942 0.881473234375 0.5240114315018315 0.8632545703125 0.5362247941391942 0.85511431640625 0.5449486249084249 0.8365080209960938 0.5420406813186813 0.8365080209960938 0.5513461010989011 0.850075111328125 0.5623962864468864 0.8485245869140625 0.5827518915750916 0.8756587670898438 0.5949652542124542 0.9012424233398437 0.594383665934066 0.9105455708007812 0.5705385282051282
2 0.9318652841796875 0.5620995443223443 0.9210116118164062 0.5725681406593407 0.9082197836914062 0.5766392615384615 0.9031805791015625 0.598158043956044 0.89697848046875 0.62258476996337 0.9140342509765625 0.6353797223443224 0.9400055380859375 0.6394508432234433 0.9582242021484375 0.6103714073260074 0.9489210546875 0.5818735604395605 0.9318652841796875 0.5620995443223443
0 0.7992954306640625 0.45014966446886445 0.7783633486328125 0.45480237435897436 0.763633365234375 0.46701573772893773 0.7667344140625 0.4943504065934066 0.7748746684570312 0.5193587216117216 0.7865036030273438 0.5298273186813187 0.8171264638671875 0.5245930197802198 0.831856447265625 0.5048190036630037 0.8256543491210937 0.46992368131868134 0.7992954306640625 0.45014966446886445
0 0.7702230947265625 0.507145358974359 0.7523920615234375 0.4780659230769231 0.7295218237304687 0.49144246373626377 0.7136289467773438 0.507145358974359 0.70393816796875 0.5251746087912088 0.7105278974609375 0.5391327377289378 0.7287465615234375 0.5432038586080585 0.7396002338867188 0.5629778754578755 0.7570436352539063 0.5676305846153846 0.7764251928710938 0.5490197457875459 0.7702230947265625 0.507145358974359
0 0.573306470703125 0.5269193750915752 0.6143953725585938 0.5496013347985348 0.6275748315429688 0.5141244234432235 0.623310888671875 0.4844633985347986 0.6214480185546875 0.4620211120879121 0.6120027836914063 0.46020427692307697 0.591525134765625 0.45771031794871797 0.573306470703125 0.4798106893772894 0.573306470703125 0.5269193750915752
0 0.6838107875976562 0.40115714358974364 0.67267025390625 0.3729962029304029 0.6456665698242188 0.38135364322344323 0.6260495434570312 0.3884392989010989 0.6176941435546875 0.4064259648351648 0.6207214624023437 0.4247759970695971 0.6339205727539062 0.43349680439560434 0.6450611059570313 0.4440344468864469 0.65365869140625 0.45148346959706964 0.6640726684570313 0.44530623150183146 0.67460773828125 0.42750124908424914 0.6838107875976562 0.40115714358974364
0 0.6551118046875 0.47782757582417584 0.6551118046875 0.45420872234432236 0.6398541176757813 0.44258097875457875 0.634404943359375 0.43912899267399264 0.6310143461914063 0.43204333626373626 0.6262917290039063 0.4336784879120879 0.621811296875 0.4489399010989011 0.6236276884765625 0.4642013142857143 0.6245964301757813 0.4785543098901099 0.6321041811523438 0.48854690183150185 0.6457876625976563 0.4910904703296703 0.6551118046875 0.47782757582417584
0 0.62423315234375 0.5025365304029303 0.6325885522460938 0.5325143054945055 0.6574125668945312 0.5352395582417583 0.6678265439453125 0.5201598285714285 0.669158564453125 0.5001746446886447 0.6647992250976562 0.48981868571428566 0.6541430625 0.4863666996336996 0.6455454770507812 0.48872858534798536 0.6364635205078125 0.49127215384615386 0.6276237495117187 0.4938157223443223 0.62423315234375 0.5025365304029303
0 0.6591078657226562 0.4683800344322344 0.6627406484375 0.48800185128205126 0.67557648046875 0.49517834871794875 0.6892599614257813 0.48527659853479854 0.6954356918945312 0.4338601714285715 0.6846584370117188 0.4229591619047619 0.6629828334960938 0.444761180952381 0.6591078657226562 0.4683800344322344
0 0.705244205078125 0.5181613098901099 0.7238924897460938 0.4881835347985348 0.718564408203125 0.46347458021978016 0.7253456025390626 0.45893249304029304 0.7208651704101563 0.4503933684981685 0.7134785126953125 0.4331334373626373 0.7042754633789062 0.4354271912087912 0.694103671875 0.4534819882783883 0.6911974458007812 0.4756473736263736 0.6905919819335937 0.49345235604395604 0.699068474609375 0.5190697274725274 0.705244205078125 0.5181613098901099
0 0.8495671586914062 0.7000878461538461 0.8369258969726563 0.7151494967032967 0.8168485986328125 0.6972986512820514 0.811643373046875 0.706224073992674 0.8454773383789063 0.7396944095238095 0.830605265625 0.757545254945055 0.845849140625 0.7742804227106227 0.881542115234375 0.7765117780219779 0.887119142578125 0.7184965304029304 0.8495671586914062 0.7000878461538461
0 0.847051333984375 0.6738694168498169 0.8857187231445313 0.6716380608058607 0.889064939453125 0.6113914571428571 0.8719620561523438 0.5946562901098901 0.8292048466796875 0.5851730285714285 0.7935118720703125 0.5818259948717949 0.7935118720703125 0.5935406117216118 0.823256017578125 0.6130649743589744 0.8269740356445312 0.6264531084249084 0.847051333984375 0.6738694168498169
0 0.92455571484375 0.5496781860805862 0.9234820375976562 0.5543319252747253 0.936604763671875 0.5602385941391942 0.9416152592773438 0.574736780952381 0.9547379853515625 0.5856551692307692 0.9759729423828125 0.5763476908424908 0.9795518676757813 0.5475303062271062 0.9630888110351562 0.5219347413919414 0.9589133984375 0.5287363597069598 0.9587941010742187 0.5290943399267399 0.95378360546875 0.5280204 0.94936959765625 0.5425185875457875 0.9451941845703125 0.5437715172161172 0.9360082763671875 0.5457404065934066 0.9298048056640625 0.5421606073260073 0.927060962890625 0.5469933362637363 0.9275381528320312 0.5496781860805862 0.92455571484375 0.5496781860805862
0 0.8855454287109376 0.5239036307692307 0.8950892294921875 0.5278414102564102 0.8940155522460937 0.5321371692307693 0.9021277827148437 0.5357169684981685 0.9027242705078125 0.5482462666666666 0.9045137329101562 0.5595226344322344 0.9158469965820313 0.5600596043956044 0.9319521606445312 0.5503941457875458 0.9448362919921875 0.539117778021978 0.9450748872070313 0.5203238315018315 0.9264644750976563 0.5074365538461538 0.9176364594726563 0.5079735238095239 0.904752328125 0.5111953435897436 0.8932997670898437 0.5086894835164835 0.8833980737304687 0.5117323135531135 0.8738542724609375 0.5058256446886447 0.8717069174804688 0.5072575641025641 0.8726612973632812 0.5106583736263737 0.8801770405273438 0.5162070622710623 0.8855454287109376 0.5239036307692307
0 0.8772585 0.4788999714285714 0.9038008442382812 0.48060181904761906 0.9065231357421875 0.4976202974358974 0.9205883095703125 0.5030662102564103 0.937829490234375 0.5000028842490842 0.9419129282226563 0.4754962761904762 0.929662615234375 0.4642640805860806 0.9205883095703125 0.462562232967033 0.923537458984375 0.47243295018315024 0.9162780146484375 0.47413479780219775 0.9087917124023438 0.474475167032967 0.88905509765625 0.47073110183150185 0.8650081875 0.471752210989011 0.8545727358398437 0.4765173846153846 0.8600173193359375 0.4799210805860806 0.8772585 0.4788999714285714
0 0.8408570029296875 0.5327698908424908 0.854948927734375 0.5446519355311356 0.870554861328125 0.5296246439560439 0.872767642578125 0.4913574725274725 0.864032978515625 0.4789512205128205 0.85984033984375 0.48122278827838827 0.855298314453125 0.4763301816849817 0.859490953125 0.4733596703296703 0.8497081293945312 0.46042921098901096 0.8413228520507813 0.4689912717948718 0.834917431640625 0.4889111692307692 0.8348009692382813 0.5069089714285714 0.8408570029296875 0.5327698908424908
0 0.9772002631835938 0.6318689992673993 0.9885753608398438 0.6028951062271062 0.980903783203125 0.5774933377289377 0.9676769252929688 0.574715019047619 0.9520692329101562 0.5830499743589743 0.94915932421875 0.5921787355311355 0.9557727529296876 0.6021013010989011 0.948365712890625 0.610833158974359 0.950482009765625 0.6179774065934066 0.9422813579101562 0.6275030703296703 0.958682662109375 0.635441123076923 0.9772002631835938 0.6318689992673993
0 0.9459848784179687 0.453659715018315 0.948365712890625 0.4211136981684982 0.9248219057617187 0.3877738769230769 0.885405869140625 0.3758667978021978 0.8481061298828125 0.3869800717948718 0.8481842309570312 0.3866285296703296 0.8385827919921875 0.3889645846153846 0.8319693627929687 0.4044437875457876 0.8081610185546875 0.3972995399267399 0.8057801845703125 0.4131756454212454 0.8314402885742187 0.4278610432234432 0.8414927006835937 0.44095883003663006 0.8650365078125 0.47112343076923074 0.8769406801757812 0.47072652820512817 0.9036589331054687 0.4774738732600733 0.9242928310546875 0.47231413846153847 0.9219119970703125 0.4619946703296703 0.9459848784179687 0.453659715018315
0 0.8793215141601562 0.37824821391941393 0.8830250346679688 0.38380485054945057 0.8938710581054687 0.3826141428571429 0.8988972641601563 0.3897583904761905 0.9158276420898438 0.3869800717948718 0.9245573686523437 0.35800617875457874 0.917150328125 0.32784157875457876 0.8867285546875 0.3167283047619048 0.8727080854492187 0.31117166813186814 0.8594812275390625 0.3187128183150183 0.853396873046875 0.3397486578754579 0.844402609375 0.33855795018315016 0.8367310317382812 0.35721237362637365 0.8369955688476562 0.3671349399267399 0.8504869638671875 0.3774544080586081 0.8679464165039062 0.37824821391941393 0.8793215141601562 0.37824821391941393
0 0.9433395068359375 0.3623721084249084 0.949952935546875 0.372294673992674 0.9637088676757812 0.36991325787545787 0.980903783203125 0.3345889238095238 0.9980986982421876 0.3036305179487179 0.9909561953125 0.27584733333333333 0.9512756215820313 0.2619557406593407 0.95021747265625 0.2627495457875458 0.9441331181640625 0.27386281978021976 0.9420168208007812 0.2897389252747253 0.92958357421875 0.29013582783882785 0.9242928310546875 0.3139499860805861 0.9290545 0.32546016263736266 0.9248219057617187 0.3564185684981685 0.9319644086914063 0.3623721084249084 0.9433395068359375 0.3623721084249084
0 0.9309062602539062 0.29053273040293043 0.9465139526367188 0.2750535282051282 0.9531273813476563 0.22107476923076924 0.9398809282226562 0.1996714271062271 0.9406941352539062 0.19845131868131868 0.9324934833984375 0.1944822923076923 0.918473013671875 0.19011636336996335 0.89598735546875 0.19606990329670332 0.8729726225585938 0.2095645926739927 0.8621265991210938 0.24766724615384614 0.8822314233398437 0.28418228864468864 0.8999554125976562 0.31553759706959705 0.9094787504882812 0.2996614915750916 0.9253509799804688 0.3044243230769231 0.9309062602539062 0.29053273040293043
2 0.9227056083984375 0.10994203076923077 0.906568841796875 0.13931282564102562 0.884876794921875 0.14645707326007326 0.876147068359375 0.1710650366300366 0.875617994140625 0.1948791948717949 0.8909611494140625 0.19845131868131868 0.9126531962890625 0.18813185054945056 0.9404295981445312 0.19646680586080587 0.9563018276367188 0.16392078901098903 0.9594762734375 0.13335928644688644 0.9412232094726563 0.11351415457875458 0.9227056083984375 0.10994203076923077
2 0.9102723618164063 0.09644734065934066 0.9213829223632812 0.10517919926739926 0.9449267294921875 0.11272034871794873 0.9581535874023438 0.10875132234432236 0.98222646875 0.07183937728937728 0.981961931640625 0.05278805054945055 0.9835491547851563 0.01984513186813187 0.9541855302734376 0.00357212380952381 0.9303771860351563 0 0.9237637568359375 0.011113273992673993 0.9258800541992187 0.03492743223443223 0.9158276420898438 0.05278805054945055 0.9092142133789063 0.07104557216117216 0.9086851391601563 0.08295265128205127 0.9092142133789063 0.08731858021978023 0.9121241220703125 0.08850928791208791 0.9102723618164063 0.09644734065934066
0 0.8922838349609375 0.07461769597069597 0.8679464165039062 0.07620530622710622 0.8690045654296875 0.10716371208791209 0.8832895717773438 0.1043853934065934 0.886464017578125 0.11470486227106227 0.8880512407226563 0.1385190205128205 0.9044525444335938 0.13772521538461538 0.9163567163085937 0.10875132234432236 0.9137113447265625 0.08850928791208791 0.8922838349609375 0.07461769597069597
0 0.8901675380859375 0.13058096776556777 0.88567040625 0.10994203076923077 0.8769406801757812 0.10160707545787545 0.8621265991210938 0.11152964102564102 0.8523387241210938 0.11272034871794873 0.8499578896484375 0.14169424175824177 0.8584230786132813 0.1536013208791209 0.8803796630859375 0.15002919706959705 0.8901675380859375 0.13058096776556777
0 0.9163567163085937 0.010319468864468865 0.908156064453125 0.001984513553113553 0.8912256865234375 0.010319468864468865 0.876676142578125 0.040087166300366295 0.8803796630859375 0.05834468791208792 0.8478415922851562 0.1107358358974359 0.853396873046875 0.11788008351648352 0.8946646694335938 0.05834468791208792 0.9018071728515625 0.0694579619047619 0.9224410712890625 0.04683451135531135 0.9240282939453125 0.021829645421245422 0.9163567163085937 0.010319468864468865
2 0.8137162993164062 0.14367875457875456 0.8020766640625 0.17741547912087913 0.7938760122070313 0.19964202637362638 0.7973149951171875 0.20400795604395605 0.8094837045898438 0.19606990329670332 0.8362019575195313 0.1932915846153846 0.85366141015625 0.14764778095238096 0.8317048256835937 0.1254212336996337 0.8137162993164062 0.14367875457875456
2 0.8102105590820312 0.1968637084249084 0.7869562368164063 0.17117546593406593 0.7734398940429688 0.17781238168498167 0.7694718364257812 0.16908052380952382 0.7578322016601563 0.17463716043956046 0.7541286811523438 0.2008327347985348 0.7364046918945313 0.22226547692307694 0.7403727490234375 0.25084246666666665 0.744340806640625 0.2663216695970696 0.7612711845703125 0.2821977750915751 0.78640221484375 0.2766411384615385 0.797512775390625 0.2643371567765568 0.8070361127929687 0.22226547692307694 0.8102105590820312 0.1968637084249084
0 0.7399104321289063 0.3965057347985348 0.7653059990234375 0.33260441025641024 0.7509898706054687 0.29823731135531134 0.7229800537109375 0.3064088358974359 0.707372361328125 0.32347564981684984 0.6981135610351562 0.36038759487179484 0.7089595844726563 0.3996809560439561 0.7399104321289063 0.3965057347985348
2 0.7753584111328125 0.013494689377289378 0.76900951953125 0.05040663516483517 0.7846172119140625 0.07025176703296704 0.8047220356445313 0.06826725347985348 0.824033248046875 0.023814158241758244 0.8076319443359375 0.0027783186813186813 0.7862044345703125 0 0.7753584111328125 0.013494689377289378
0 0.792024251953125 0.08652477509157509 0.7835590629882813 0.10081326959706961 0.770332205078125 0.11986459633699634 0.7684804448242187 0.14804468351648353 0.7745647998046875 0.16114247106227106 0.7830299887695312 0.1666991076923077 0.7959923095703125 0.15637963956043957 0.8086900932617187 0.133756189010989 0.81133546484375 0.09406592527472528 0.792024251953125 0.08652477509157509
0 0.7520791411132812 0.08940325347985348 0.7563117358398438 0.11162980146520146 0.7785328569335938 0.10964528791208791 0.7893788803710937 0.08305281172161172 0.7862044345703125 0.06519219267399268 0.7544599755859375 0.06876431648351648 0.7544599755859375 0.06916121904761904 0.7520791411132812 0.08940325347985348
0 0.8391118662109375 0.07858672234432235 0.8578940043945312 0.06787035091575092 0.853925947265625 0.044056192673992675 0.8301176030273437 0.0353243347985348 0.8198006538085938 0.056757076923076924 0.8253559340820312 0.08454026153846154 0.8391118662109375 0.07858672234432235
0 0.8244955654296875 0.08057123516483516 0.809681484375 0.0984318542124542 0.8128559306640625 0.12581813626373628 0.8316380688476562 0.12780264908424907 0.85042020703125 0.10319468571428572 0.851742892578125 0.07858672234432235 0.8451294638671875 0.07025176703296704 0.8244955654296875 0.08057123516483516
2 0.7343551513671875 0.1349468967032967 0.737265060546875 0.1710650366300366 0.74943376953125 0.17701857655677655 0.770332205078125 0.16193627619047618 0.7679513706054687 0.1202614989010989 0.7473174721679687 0.1107358358974359 0.7311807055664062 0.11907079120879122 0.7343551513671875 0.1349468967032967
2 0.7195410708007812 0.10041636703296704 0.7303870942382813 0.12145220732600732 0.7518146040039062 0.10081326959706961 0.7420267290039062 0.06429822710622711 0.7335615400390625 0.06469512967032967 0.7208637563476562 0.08057123516483516 0.7195410708007812 0.10041636703296704
0 0.7401749692382813 0.17701857655677655 0.73964589453125 0.15955486007326009 0.7359423745117187 0.1385190205128205 0.7195410708007812 0.13574070183150183 0.7188552333984375 0.1345058937728938 0.7094886586914062 0.1555858336996337 0.7100177329101562 0.19210087692307692 0.727477185546875 0.19567299999999999 0.7401749692382813 0.17701857655677655
2 0.7200701450195313 0.3036305179487179 0.7351487631835938 0.3079964468864469 0.74943376953125 0.29013582783882785 0.7475820092773438 0.267512378021978 0.7340906142578125 0.2464765377289377 0.7245672768554687 0.25243007765567765 0.7243027397460937 0.2512393692307692 0.7137212534179688 0.2750535282051282 0.7200701450195313 0.3036305179487179
0 0.6811831826171875 0.3222849413919414 0.6997007836914062 0.3318106051282051 0.7155730131835938 0.30124910183150183 0.696790875 0.2762442358974359 0.6832994799804688 0.28140396996336997 0.6766860512695313 0.2996614915750916 0.6811831826171875 0.3222849413919414
0 0.6592265986328125 0.3079964468864469 0.6481160380859375 0.3119654732600733 0.63383103125 0.3357796315018315 0.622191396484375 0.3480836131868132 0.6293338999023438 0.38142343443223437 0.6586975244140625 0.3873769743589744 0.676421513671875 0.3611814 0.6740406796875 0.3099809597069597 0.6592265986328125 0.3079964468864469
0 0.6049964809570313 0.29053273040293043 0.591240548828125 0.2782287487179487 0.5745747080078125 0.27187830695970694 0.5724584106445313 0.2766411384615385 0.5674322045898438 0.2742597223443224 0.5669031303710937 0.27386281978021976 0.5409784887695313 0.3032336153846154 0.5322487626953125 0.3341920205128205 0.5534117353515625 0.35959378974358974 0.5655804443359375 0.3770575054945055 0.580394525390625 0.3798358241758242 0.5856852685546875 0.3599906923076923 0.6084354643554688 0.350068126007326 0.6182233388671875 0.3226818446886447 0.6198105620117188 0.297676978021978 0.6049964809570313 0.29053273040293043
0 0.7072220053710937 0.059865374358974356 0.7066437373046875 0.05921466373626374 0.6939218369140625 0.07526552454212454 0.6930544345703125 0.09001496483516484 0.6982588486328125 0.10302917655677656 0.7127155532226562 0.0986911054945055 0.7179199672851563 0.07483171721611723 0.7069328715820312 0.05943156703296703 0.7072220053710937 0.059865374358974356
2 0.67614008984375 0.1073672468864469 0.6798988330078125 0.11235602783882785 0.692331599609375 0.11040389597069596 0.6984034155273438 0.09652207032967032 0.6950783735351562 0.08545999047619048 0.6917533310546875 0.07526552454212454 0.6811999365234375 0.06962603296703297 0.6719476455078125 0.08155572673992674 0.67614008984375 0.1073672468864469
0 0.6825010400390625 0.138167547985348 0.6949338061523438 0.14554226813186813 0.7082339750976563 0.13426328424908426 0.7034632622070313 0.114525063003663 0.6956566416015625 0.11127151062271062 0.6869826186523438 0.11604338827838828 0.6825010400390625 0.138167547985348
0 0.6836575766601563 0.1733059194139194 0.697680580078125 0.19543007985347988 0.709101376953125 0.1839341926739927 0.7075111396484375 0.14922962783882784 0.6945001049804688 0.14640988205128205 0.681778205078125 0.15400150549450548 0.6836575766601563 0.1733059194139194
0 0.6615388178710937 0.20649215970695972 0.67614008984375 0.21451759047619046 0.6924761665039062 0.20237099267399267 0.6885728559570312 0.18848916703296703 0.6845249790039063 0.17070307765567766 0.6762846567382812 0.1661481032967033 0.6767183579101562 0.16658191062271063 0.6631290556640625 0.18089754285714288 0.6615388178710937 0.20649215970695972
0 0.7135829555664063 0.2459686021978022 0.7189319365234375 0.23729246080586078 0.7221124116210937 0.2093119054945055 0.7127155532226562 0.20454002783882783 0.6998490859375 0.2129992652014652 0.701583890625 0.23967839926739928 0.7135829555664063 0.2459686021978022
2 0.6814890708007812 0.23902768864468862 0.693199001953125 0.24184743516483517 0.6999936528320313 0.22406134578754577 0.692331599609375 0.20649215970695972 0.6840912778320313 0.21061332673992675 0.6755618217773437 0.22037398534798536 0.6814890708007812 0.23902768864468862
2 0.6827901743164062 0.25703068205128204 0.6872717529296875 0.2761181926739927 0.7047643657226562 0.27286463956043955 0.7040415302734375 0.24531789157509157 0.69724687890625 0.2403291098901099 0.6859706494140625 0.24141362783882786 0.6827901743164062 0.25703068205128204
2 0.740616994140625 0.20844429157509156 0.7351234462890625 0.1917427194139194 0.7284733618164062 0.19477936923076922 0.7202330400390625 0.19564698315018314 0.7161851625976563 0.20454002783882783 0.7196547719726563 0.21364997582417583 0.7182091010742188 0.2236275384615385 0.7180645341796875 0.2329543904761905 0.723124380859375 0.24553479487179486 0.7303527333984375 0.2368586534798535 0.740616994140625 0.20844429157509156
0 0.6622616533203125 0.20215408937728938 0.6480940825195313 0.2153852043956044 0.6349384809570312 0.2190725641025641 0.6227948486328125 0.23403890769230767 0.6281438295898437 0.2667913406593407 0.6324808408203125 0.29151834285714284 0.64982888671875 0.2709125076923077 0.6609605498046875 0.26592372673992676 0.6652975610351562 0.2490052512820513 0.6622616533203125 0.23403890769230767 0.6541658984375 0.22341063516483514 0.664285591796875 0.206709063003663 0.6622616533203125 0.20215408937728938
2 0.6600931474609375 0.27047870036630034 0.652864794921875 0.27221392893772894 0.6459255766601563 0.2798055523809524 0.64187769921875 0.2991099663003663 0.6480940825195313 0.31082275677655674 0.666020396484375 0.30930443223443227 0.6702128408203125 0.28305910549450547 0.6596594462890625 0.2709125076923077 0.6600931474609375 0.27047870036630034
0 0.6690563046875 0.2464024087912088 0.6657312622070313 0.25290951501831505 0.6619725190429687 0.2581151992673993 0.6628399213867188 0.2674420512820513 0.66818890234375 0.2767689032967033 0.6788868637695312 0.2743829641025641 0.6814890708007812 0.25963352454212457 0.6767183579101562 0.24835454065934065 0.6690563046875 0.2464024087912088
0 0.603278296875 0.2906507289377289 0.6109403505859375 0.29607331721611724 0.622072013671875 0.29672402783882784 0.628288396484375 0.2735153501831502 0.6245296533203125 0.2550785501831502 0.6191806723632812 0.23924459267399267 0.6042902666015625 0.23902768864468862 0.5954716762695312 0.24184743516483517 0.5972064809570312 0.25290951501831505 0.5907009638671875 0.25204190036630036 0.5898335615234375 0.26592372673992676 0.5880987568359375 0.2678758586080586 0.5895444272460938 0.27503367472527473 0.5918575 0.28110697362637366 0.59619451171875 0.2854450439560439 0.603278296875 0.2906507289377289
0 0.6070370405273438 0.18848916703296703 0.6027000288085937 0.19087510549450548 0.6003869560546875 0.2028048 0.5943151401367187 0.20735977362637362 0.5892552934570312 0.22601347692307694 0.5934477377929688 0.2368586534798535 0.6107957836914063 0.24423337362637362 0.6227948486328125 0.23273748644688644 0.6229394155273438 0.21386687985347985 0.6070370405273438 0.18848916703296703
0 0.5870867875976562 0.2411967245421245 0.5807258374023437 0.23967839926739928 0.5776899291992188 0.23620794285714283 0.570317009765625 0.24770383003663002 0.572051814453125 0.26570682271062274 0.5788464658203125 0.275250578021978 0.58650851953125 0.2741660608058608 0.5895444272460938 0.26310398095238097 0.5898335615234375 0.2533433216117216 0.590556396484375 0.24705311941391941 0.5954716762695312 0.2368586534798535 0.5918575 0.23317129377289378 0.5870867875976562 0.2411967245421245
0 0.5704615766601563 0.23729246080586078 0.5617875537109375 0.22666418754578754 0.5473308491210938 0.22991774065934065 0.5429938374023437 0.24423337362637362 0.5473308491210938 0.2574644886446886 0.5428492705078125 0.25985042783882784 0.5428492705078125 0.2719970256410256 0.5508004580078125 0.28457743003663005 0.5645343276367187 0.27655199926739926 0.5701724428710937 0.26483920879120876 0.570317009765625 0.25117428644688644 0.5704615766601563 0.23729246080586078
2 0.5521015615234375 0.22731489816849815 0.5701724428710937 0.22297682783882783 0.5710398452148437 0.20584144908424906 0.5707507109375 0.1813313501831502 0.5638114926757812 0.15530292673992674 0.5654017299804688 0.1542184087912088 0.5596190483398438 0.15551983003663003 0.55499290234375 0.16744952454212456 0.5408253315429687 0.16766642783882785 0.5341752475585938 0.17959612234432235 0.5333078452148438 0.19282723736263738 0.5372111552734375 0.20345550989010988 0.5437166728515626 0.22731489816849815 0.5521015615234375 0.22731489816849815
2 0.5859302509765625 0.16397906813186813 0.579135599609375 0.1722214021978022 0.5748166591796875 0.19087510549450548 0.5787018984375 0.20866119487179488 0.5907009638671875 0.2056245457875458 0.6009652241210938 0.2002019575091575 0.6031337299804688 0.17786089377289377 0.5935923046875 0.1579057692307692 0.5859302509765625 0.16397906813186813
0 0.6473712470703125 0.2002019575091575 0.649395185546875 0.16528048937728937 0.6437570708007813 0.13686612673992674 0.6363841513671875 0.13317876703296702 0.630023201171875 0.13968587252747253 0.6232285498046874 0.13122663516483515 0.6161447646484375 0.14684368937728937 0.6084827109375 0.15942409377289377 0.6090609790039062 0.19022439487179488 0.6217828793945313 0.20714287032967033 0.6412994311523438 0.20779358095238096 0.6473712470703125 0.2002019575091575
0 0.6639964580078125 0.09348542124542125 0.6534430629882813 0.09175019267399268 0.6443353388671875 0.09804039487179488 0.6381189560546875 0.11495887032967032 0.6402874614257813 0.132961863003663 0.6551778676757812 0.14077039047619047 0.6713693774414062 0.14359013626373626 0.6745498525390625 0.12884069597069597 0.6736824501953125 0.10194465860805861 0.6639964580078125 0.09348542124542125
0 0.6018326264648437 0.13122663516483515 0.6053022358398438 0.14706059267399266 0.6157110634765625 0.1442408468864469 0.6252524887695312 0.13686612673992674 0.6235176840820312 0.12233359047619048 0.6107957836914063 0.11365744908424907 0.607181607421875 0.11799552014652015 0.6018326264648437 0.13122663516483515
0 0.6517082587890625 0.08719521831501832 0.6450581743164062 0.06875841904761905 0.6360950170898437 0.05769633846153847 0.6306014692382812 0.058347049084249085 0.6253970556640625 0.0613836989010989 0.6196143735351562 0.07526552454212454 0.6152773623046875 0.09717278095238097 0.61730130078125 0.11474196703296703 0.6252524887695312 0.12385191501831501 0.632625408203125 0.12168287985347985 0.6415885649414063 0.10953628205128205 0.6517082587890625 0.08719521831501832
0 0.6013989252929688 0.16202693626373627 0.5996641206054687 0.14098729377289376 0.5859302509765625 0.11691100219780219 0.5778344965820312 0.11799552014652015 0.5721963813476563 0.12363501172161172 0.5612092856445312 0.13426328424908426 0.5629440903320313 0.14922962783882784 0.5667028334960937 0.1633283575091575 0.580436703125 0.17287211282051282 0.5882433237304687 0.16159312893772895 0.594026005859375 0.16441287472527472 0.6013989252929688 0.16202693626373627
0 0.6094946801757812 0.1134405457875458 0.61556649609375 0.09782349157509157 0.61730130078125 0.07982049890109891 0.618602404296875 0.055093496703296704 0.6123860209960937 0.04685116190476191 0.6044348334960937 0.042296188278388276 0.5987967182617188 0.04750187252747253 0.5902672626953125 0.05574420659340659 0.5892552934570312 0.0652879619047619 0.57956930078125 0.07049364688644688 0.5784127646484375 0.08762902564102563 0.5879541899414062 0.10780105421245421 0.5985075844726563 0.10758415018315018 0.6094946801757812 0.1134405457875458
0 0.5521015615234375 0.12081526593406593 0.5421264350585937 0.1171279054945055 0.5285371323242187 0.12558714358974357 0.5223207495117187 0.13946896923076924 0.5200076767578125 0.1602917076923077 0.5270914619140625 0.16918475238095237 0.5375002895507812 0.17048617362637364 0.5521015615234375 0.1637621641025641 0.5607755844726563 0.14922962783882784 0.56106471875 0.13339567032967034 0.5521015615234375 0.12081526593406593
0 0.535187216796875 0.22449515238095238 0.527236029296875 0.22275992454212454 0.51899570703125 0.22623038095238093 0.5135021591796874 0.24076291721611723 0.5049727036132813 0.25290951501831505 0.5042498681640625 0.28370981611721613 0.5139358603515625 0.3116903714285714 0.5376448564453125 0.3179805736263736 0.5366328872070313 0.2928197641025641 0.5414036000976562 0.27221392893772894 0.5463188793945313 0.2559461641025641 0.5416927338867188 0.23750936410256412 0.535187216796875 0.22449515238095238
0 0.6825010400390625 0.050104715018315024 0.6855369482421875 0.06593867252747253 0.6953675073242187 0.06724009377289378 0.7144503579101562 0.06094989157509157 0.7154623271484375 0.02299177435897436 0.7049089326171875 0.011712790476190477 0.6939218369140625 0.02798055531135531 0.6825010400390625 0.050104715018315024
0 0.6749835537109375 0 0.6716585112304687 0.0043380703296703295 0.6641410249023437 0.026028423443223446 0.6726704809570313 0.050755425641025635 0.6842358447265625 0.05140613626373626 0.6946446723632812 0.03318624029304029 0.6971023120117188 0.004121167032967033 0.693199001953125 0 0.6749835537109375 0
0 0.57335291796875 0.018002992673992673 0.5704615766601563 0.04641735531135531 0.5771116611328125 0.06355273406593406 0.5870867875976562 0.0674569978021978 0.5995195537109375 0.05400897875457875 0.60588050390625 0.03210172234432235 0.6027000288085937 0.014532536263736264 0.5946042739257813 0.0054225882783882785 0.585207416015625 0.010194465934065934 0.57335291796875 0.018002992673992673
0 0.597495615234375 0 0.598363017578125 0.009543755311355312 0.603278296875 0.015400150915750916 0.6057359370117188 0.024943905494505494 0.6068924731445312 0.037958117216117214 0.6094946801757812 0.037958117216117214 0.6236622509765625 0.04424832014652015 0.6353721821289062 0.05335826813186813 0.64014289453125 0.04836948717948718 0.6371069868164062 0.03351159487179487 0.6459255766601563 0.02906507252747253 0.6470821127929688 0.007157816117216118 0.6463592778320313 0 0.597495615234375 0
2 0.5341752475585938 0.08480927985347986 0.5296936689453124 0.1080179575091575 0.535187216796875 0.11647719487179486 0.5531135307617188 0.11842932673992675 0.5612092856445312 0.1045475010989011 0.5594744809570312 0.09196709597069598 0.5529689638671875 0.08350785860805861 0.5497884887695312 0.07092745421245421 0.5455960444335938 0.06550486593406593 0.5341752475585938 0.08480927985347986
0 0.5755214233398438 0.023208677655677655 0.566847400390625 0.013881825641025643 0.562365822265625 0.01735228205128205 0.562365822265625 0.015833957509157507 0.5521015615234375 0.018870607326007326 0.5458851782226563 0.03643979267399267 0.54357210546875 0.055310399999999996 0.5503667568359375 0.07591623516483516 0.561498419921875 0.08784592893772894 0.5701724428710937 0.08524308717948718 0.5740757529296875 0.06311892673992674 0.5774007954101562 0.04620045201465201 0.5736420517578125 0.037307407326007326 0.5755214233398438 0.023208677655677655
0 0.5376448564453125 0.06658938315018315 0.5335969790039062 0.03991024908424909 0.5136467265625 0.015617054212454212 0.5020813623046875 0.024943905494505494 0.4936964736328125 0.03470456483516483 0.49427474169921876 0.04771877655677655 0.4939856079101563 0.07808527032967033 0.500057423828125 0.08545999047619048 0.50732191796875 0.10064323736263736 0.5161043662109375 0.10693343956043956 0.5286816997070313 0.09326851721611722 0.5376448564453125 0.06658938315018315
2 0.4971660830078125 0.09855404102564103 0.48502245068359373 0.11850916556776556 0.49138340087890625 0.1373797728937729 0.5095988491210938 0.1534306336996337 0.5179837377929688 0.16275748571428572 0.5208750791015625 0.14171784322344322 0.5265131938476563 0.12046129743589745 0.5191402744140625 0.10636256849816851 0.5103216840820313 0.10419353260073261 0.5029487646484375 0.09898784835164835 0.4971660830078125 0.09855404102564103
0 0.4889257607421875 0.13448018827838829 0.4799626040039062 0.14033658315018316 0.476348427734375 0.13426328424908426 0.4678189716796875 0.13426328424908426 0.460590619140625 0.1756918586080586 0.4563981748046875 0.19195962344322343 0.46218085693359373 0.20540764175824178 0.4805408720703125 0.22557967032967033 0.4968769487304687 0.206925967032967 0.5113336538085937 0.17721018315018314 0.5100325502929688 0.15768886593406595 0.49731064990234375 0.138167547985348 0.4889257607421875 0.13448018827838829
0 0.45076006005859376 0.2518249970695971 0.4490252553710937 0.2398953032967033 0.4571210102539062 0.23100225860805862 0.4637710942382812 0.20844429157509156 0.45957864990234376 0.1874046490842491 0.44136320166015625 0.1733059194139194 0.4339902822265625 0.1785116043956044 0.4283521674804687 0.19261033406593409 0.4243042900390625 0.20779358095238096 0.42661736279296875 0.22102469597069596 0.429797837890625 0.23750936410256412 0.436014220703125 0.24683621611721612 0.4430980063476562 0.24011220659340657 0.44700131689453126 0.2518249970695971 0.45076006005859376 0.2518249970695971
0 0.46796353857421874 0.04836948717948718 0.461458021484375 0.07049364688644688 0.4759147265625 0.10216156190476192 0.48646812109375 0.11278983516483516 0.49933458837890626 0.10129394798534799 0.498322619140625 0.0774345597069597 0.494853009765625 0.054659689377289385 0.4936964736328125 0.04056095970695971 0.4837213471679688 0.03340314358974359 0.46796353857421874 0.04836948717948718
0 0.459723216796875 0.050104715018315024 0.48675725537109377 0.020605835164835162 0.488636626953125 0 0.4428088720703125 0.00021690329670329668 0.4490252553710937 0.024293195604395607 0.459723216796875 0.050104715018315024
0 0.42531625927734373 0.04381451282051282 0.43673705615234376 0.050538522344322344 0.45076006005859376 0.0494540043956044 0.4550970712890625 0.03557217875457876 0.45076006005859376 0.02017202783882784 0.45162746240234375 0.008676141391941393 0.44107406787109377 0.0013014212454212455 0.43326744677734375 0.006290202197802198 0.42444885693359374 0.012146597802197803 0.42531625927734373 0.04381451282051282
0 0.4098475849609375 0.06875841904761905 0.4040649028320312 0.08893044688644688 0.4005952939453125 0.10671653626373626 0.4076790791015625 0.12146597655677656 0.4199672783203125 0.12862379267399265 0.43254461181640624 0.1327449597069597 0.45827754638671875 0.10649963296703296 0.46333739306640626 0.08350785860805861 0.46044605224609375 0.06658938315018315 0.45365140087890626 0.053792075457875455 0.4497480908203125 0.04967090842490843 0.4454110791015625 0.05249065421245421 0.43760445849609375 0.04489903076923077 0.42864130126953126 0.050538522344322344 0.4153411328125 0.036005986080586076 0.4098475849609375 0.06875841904761905
0 0.41563026708984374 0.19824982564102564 0.420111845703125 0.20302170329670327 0.4202564125976562 0.18913987765567764 0.414040029296875 0.17439043736263737 0.42314775341796873 0.1537846021978022 0.3984267880859375 0.13035902124542126 0.3887407958984375 0.1327449597069597 0.3857048876953125 0.1442408468864469 0.3890299296875 0.15920719047619047 0.38382551611328125 0.16853404175824177 0.3870059912109375 0.1852356139194139 0.3971256845703125 0.18089754285714288 0.4071008110351563 0.1839341926739927 0.41447373046875 0.1906582021978022 0.41563026708984374 0.19824982564102564
0 0.42242491845703123 0.25703068205128204 0.42661736279296875 0.25637997142857144 0.4230031865234375 0.24922215457875457 0.4170759375 0.23512342564102562 0.41649766943359373 0.22297682783882783 0.40912474951171873 0.21668662564102564 0.4001615927734375 0.206709063003663 0.38888536279296876 0.21104713406593406 0.38165701025390625 0.21712043223443225 0.3861385888671875 0.22384444175824175 0.38165701025390625 0.22384444175824175 0.38209071142578127 0.2268810915750916 0.3751514931640625 0.22970083736263738 0.38556032080078123 0.2587659098901099 0.4010289951171875 0.2748167714285714 0.41129325537109374 0.26635753333333334 0.4153411328125 0.2524757076923077 0.42242491845703123 0.25703068205128204
0 0.3355401215820312 0.24727002344322344 0.3471054853515625 0.24813763736263736 0.3540447041015625 0.25117428644688644 0.35881541650390625 0.2622363663003663 0.359971953125 0.25399403223443223 0.3598273857421875 0.24271504908424907 0.3635861293945313 0.23534032893772894 0.3663329033203125 0.23534032893772894 0.37226015234375 0.22926703003663004 0.36879054296875 0.20844429157509156 0.3663329033203125 0.19543007985347988 0.35910455078125 0.18675393846153845 0.3497076923828125 0.1817651575091575 0.3365520908203125 0.17634256923076924 0.33423901806640627 0.1848018065934066 0.32917917138671876 0.18762155238095235 0.32585412939453123 0.19304414065934064 0.32021601416015627 0.19890053626373627 0.321806251953125 0.21581901172161175 0.32715523291015625 0.22124159926739925 0.3268660986328125 0.2329543904761905 0.328890037109375 0.24531789157509157 0.33105854296875 0.25008976923076925 0.3355401215820312 0.24727002344322344
0 0.32874547021484374 0.23794317142857144 0.32498672705078124 0.2268810915750916 0.3225290869140625 0.21668662564102564 0.32209538623046874 0.20215408937728938 0.31978231298828125 0.19499627252747254 0.312120259765625 0.19694840439560438 0.29751898779296876 0.20432312454212456 0.29506134765625 0.2329543904761905 0.297229853515625 0.25399403223443223 0.3137104970703125 0.2719970256410256 0.330191140625 0.26353778754578755 0.33134767724609376 0.2585490065934066 0.337130359375 0.2646223054945055 0.33900973095703124 0.2589828139194139 0.3284563359375 0.24575169816849818 0.32874547021484374 0.23794317142857144
0 0.36561006787109374 0.23447271501831501 0.3602610869140625 0.24379956630036628 0.35577950830078126 0.25985042783882784 0.3443587114257812 0.2776365172161172 0.34609351611328126 0.3106058534798535 0.37226015234375 0.31884818754578753 0.380645041015625 0.326439810989011 0.3940897763671875 0.32210174065934066 0.4014626962890625 0.3047494586080586 0.400017025390625 0.2787210344322344 0.3864277231445313 0.25833210329670325 0.37544062744140627 0.24184743516483517 0.36561006787109374 0.23447271501831501
0 0.357065681640625 0.06949526446886446 0.34475307177734377 0.07521322930402931 0.3353720356445313 0.09016790622710623 0.3239388984375 0.09984446227106226 0.3268704721679688 0.12271632087912088 0.333613091796875 0.15174598827838828 0.3497367470703125 0.16538113553113554 0.3705509208984375 0.14910692747252746 0.38110458642578127 0.1042428967032967 0.357065681640625 0.06949526446886446
0 0.3180757509765625 0.04442418827838828 0.316316806640625 0 0.3160236494140625 0.00043984322344322343 0.2711705708007813 0 0.26178953515625 0.023311702564102563 0.2717568857421875 0.06245776923076923 0.2955026328125 0.07917181978021978 0.30605629833984377 0.10732180073260074 0.31338523291015624 0.10248352234432234 0.30605629833984377 0.06685620366300367 0.3180757509765625 0.04442418827838828
0 0.36586040283203125 0.031228884249084248 0.34533938671875 0.016274207326007328 0.3362515078125 0.02814998021978022 0.33507887841796874 0.05761949157509157 0.34240781298828127 0.0765327597069597 0.35413410791015626 0.06773589084249085 0.3623425141601562 0.0765327597069597 0.3670330322265625 0.0765327597069597 0.3623425141601562 0.06641636043956044 0.37143039306640624 0.06641636043956044 0.36586040283203125 0.031228884249084248
2 0.376414068359375 0.05058199633699634 0.376414068359375 0.07521322930402931 0.388726677734375 0.10820148717948719 0.40074613037109375 0.10644211355311356 0.4139382119140625 0.045743717948717955 0.39517614013671876 0.02990935457875458 0.3843293173828125 0.027710136996336995 0.376414068359375 0.05058199633699634
0 0.42830292333984377 0.23575608644688645 0.42683713671875 0.21376391428571426 0.4215603037109375 0.20232798461538462 0.413058740234375 0.1952904893772894 0.41247242529296874 0.1952904893772894 0.40748875 0.20628657582417584 0.40866137939453123 0.21684281831501834 0.4174561005859375 0.22300062637362636 0.4174561005859375 0.2379553032967033 0.42595766455078127 0.25290998095238093 0.42800976611328123 0.2441131120879121 0.43504554296875 0.2551091978021978 0.43944290380859374 0.25203029377289377 0.4359250151367188 0.2445529553113553 0.42830292333984377 0.23575608644688645
0 0.19729491259765625 0 0.20462384716796875 0.03958590989010989 0.21224593896484376 0.06817573406593407 0.22397223388671875 0.08049135018315018 0.22455854833984376 0.07917181978021978 0.2641347939453125 0.11787804322344322 0.2814310791015625 0.07565307252747253 0.26794583984375 0.05366090036630037 0.26501426611328127 0.036946849084249084 0.25885796142578127 0.019353111355311352 0.2717568857421875 0 0.19729491259765625 0
0 0.40669738671875 0.26420816776556777 0.4078540092773438 0.2700649992673993 0.4108901435546875 0.2735357135531135 0.4108901435546875 0.2874185728937729 0.41652867822265627 0.29891531575091573 0.4253479248046875 0.3030367897435897 0.440239439453125 0.2999999142857143 0.44544424072265626 0.2839478586080586 0.4425526845703125 0.26898040073260077 0.4424081064453125 0.2507591472527472 0.43214308203125 0.25184374578754576 0.427661169921875 0.251409906959707 0.42476961376953126 0.25336218388278386 0.4153720556640625 0.2555313802197802 0.4091552099609375 0.2585682556776557 0.40669738671875 0.26420816776556777
0 0.4442876181640625 0.24576999487179488 0.4409623286132813 0.25054222783882785 0.44298641796875 0.2722341956043956 0.4470345966796875 0.2926246454212454 0.4470345966796875 0.29154004688644686 0.4596128662109375 0.28416477802197804 0.47074535791015626 0.29436000293040293 0.4740706474609375 0.2856832161172161 0.4687212685546875 0.28459861758241756 0.47349233642578126 0.2796094644688645 0.476528470703125 0.2579174967032967 0.4658297124023438 0.2531452637362638 0.454697220703125 0.2416485208791209 0.449347841796875 0.24815611135531135 0.4442876181640625 0.24576999487179488
0 0.32342056689453125 0.3559651912087912 0.32370972265625 0.3490237619047619 0.33831208154296877 0.37418644395604395 0.34901083984375 0.37418644395604395 0.3507457734375 0.35097603882783884 0.3484325283203125 0.33123634798534796 0.351613240234375 0.32581335604395606 0.347131328125 0.3190888461538462 0.34539639453125 0.30325370989010986 0.335420525390625 0.29978299487179483 0.3319506577148438 0.31127973772893774 0.33281812451171877 0.28546629597069595 0.32211936669921876 0.2726680351648352 0.30838447412109377 0.2637743282051282 0.3039025620117187 0.2611712923076923 0.2969628271484375 0.2670281238095238 0.277517111328125 0.28416477802197804 0.27917975634765624 0.3091105406593406 0.28626406884765626 0.3266810351648352 0.281059267578125 0.3399131355311355 0.29175802587890626 0.3566159501831502 0.30130016162109374 0.3592189868131868 0.310119408203125 0.35791746813186814 0.3148904760742188 0.3739695245421245 0.32023985498046875 0.37288492600732603 0.32342056689453125 0.3559651912087912
0 0.32009527734375 0.3914601956043956 0.31474589794921876 0.38213264981684986 0.308239896484375 0.37801117582417587 0.31272180859375 0.36044068205128205 0.30925194140625 0.3554515289377289 0.3024567841796875 0.3595730029304029 0.2861194912109375 0.357620726007326 0.27542073291015623 0.38061421172161175 0.27469784423828125 0.39080943663003664 0.2814930009765625 0.407512252014652 0.29175802587890626 0.4172736373626374 0.30028811669921873 0.4198766732600733 0.30679411865234374 0.40490921611721614 0.3105531416015625 0.39666626813186817 0.31301096435546877 0.3938463120879121 0.31836034326171875 0.39818470549450546 0.32009527734375 0.3914601956043956
0 0.37460111279296876 0.42386105054945056 0.37532400146484374 0.40672439633699636 0.35783008642578124 0.3971799304029304 0.34785421728515625 0.37635564102564106 0.3303603017578125 0.37331876556776555 0.31937238818359376 0.3767894805860806 0.3159025205078125 0.3926246168498168 0.3089627856445312 0.3969630102564103 0.30838447412109377 0.41822113919413917 0.30925194140625 0.4403469457875458 0.32530007861328125 0.45965279706959705 0.3374446147460938 0.4655096285714286 0.3521915517578125 0.4533621267399267 0.37460111279296876 0.42386105054945056
0 0.3646252436523437 0.3151842915750916 0.35276986279296874 0.3095443802197802 0.34828795068359375 0.3334055450549451 0.34973372900390626 0.34707148424908424 0.35190239599609374 0.36355738021978024 0.3665047548828125 0.36550965714285716 0.369685466796875 0.3548805926739927 0.380673380859375 0.35184371721611724 0.38631191552734373 0.338177778021978 0.38501071484375 0.3292840710622711 0.37257702294921874 0.32147496263736264 0.3646252436523437 0.3151842915750916
0 0.3599987534179688 0.3765725604395604 0.3627457319335938 0.39023850036630037 0.36722764404296876 0.39501073333333336 0.3678059555664063 0.3952276527472527 0.3876131157226563 0.40325368131868133 0.3942636953125 0.3841647494505494 0.3928179169921875 0.36334046007326004 0.3876131157226563 0.3568328703296703 0.38226373681640624 0.35509751282051283 0.3773480908203125 0.3496745208791209 0.368818 0.3516267978021978 0.3656372880859375 0.36485889816849815 0.3599987534179688 0.36594349670329673 0.3599987534179688 0.3765725604395604
0 0.39079382763671877 0.3349239824175824 0.3819745810546875 0.34945760073260074 0.3811071142578125 0.3548805926739927 0.3876131157226563 0.3557482717948718 0.3903600942382813 0.36182202271062275 0.3928179169921875 0.377657158974359 0.39672151806640626 0.37939251648351646 0.416817833984375 0.3557482717948718 0.4091552099609375 0.3190888461538462 0.39110398583984374 0.3352962637362637 0.39079382763671877 0.3349239824175824