1 0.32962612158203125 0.07986769816849816 0.33236872509765625 0.049009646886446885 0.318655759765625 0.014037212454212454 0.2946580703125 0.005808367032967033 0.2802594150390625 0.032552035164835166 0.2747742602539063 0.061352875457875454 0.27957377734375 0.09118234065934065 0.3124849150390625 0.1066113663003663 0.32962612158203125 0.07986769816849816
1 0.39209907568359376 0.14728949304029304 0.39763150439453127 0.11409069157509157 0.3891701328125 0.07649792380952382 0.3745254423828125 0.06038674285714286 0.36118250732421875 0.04769307106227107 0.349141302734375 0.06722177948717949 0.344585171875 0.09846772087912087 0.35565005419921875 0.1370369098901099 0.374850875 0.15314810915750915 0.39209907568359376 0.14728949304029304
1 0.47607951318359376 0.18927620952380952 0.48551720751953126 0.15461275824175824 0.4786830234375 0.06575713040293041 0.45492607177734373 0.06038674285714286 0.42954195654296873 0.09553840366300366 0.42824020166015625 0.14680126373626373 0.447766455078125 0.1897644197802198 0.4757540805664062 0.18878799853479855 0.47607951318359376 0.18927620952380952
1 0.462085712890625 0.2738865164835165 0.4669672763671875 0.23775837948717948 0.45102083056640624 0.20504780732600733 0.42563669091796874 0.2104182315018315 0.41345569287109374 0.2374634380952381 0.421406017578125 0.27144542783882786 0.44028138134765626 0.28804480073260075 0.462085712890625 0.2738865164835165
1 0.5082978369140625 0.32321038901098903 0.5089487021484375 0.32321038901098903 0.5258714702148437 0.31735175384615383 0.5340074091796875 0.29928771355311357 0.534332841796875 0.2533952402930403 0.5418179155273437 0.23679584908424908 0.5323802211914063 0.22361396703296704 0.49951103271484376 0.23337832161172162 0.48486634228515624 0.26950642124542123 0.5082978369140625 0.32321038901098903
1 0.48681896240234374 0.40892072307692306 0.49723295458984373 0.40794428424908424 0.5053688935546875 0.39769170036630036 0.505694326171875 0.36986330549450547 0.4894224482421875 0.3517992461538461 0.472499705078125 0.36644577802197803 0.47087251708984373 0.39573884102564105 0.4862844375 0.4083882556776557 0.48681896240234374 0.40892072307692306
1 0.4572041494140625 0.32592371062271064 0.431820009765625 0.32738836043956043 0.4259621235351562 0.3659575487179487 0.44679013232421877 0.3835333978021978 0.45557696142578125 0.3718161655677656 0.462085712890625 0.35472854505494505 0.4572041494140625 0.32592371062271064
1 0.5981185991210938 0.2167837728937729 0.5989859028320312 0.2167082813186813 0.612112423828125 0.21043694652014655 0.6156922573242187 0.14501577435897436 0.6264316567382813 0.12304597655677657 0.631638677734375 0.09228825494505494 0.601372974609375 0.0839885641025641 0.5515810424804688 0.13036924249084247 0.5375872172851562 0.19042002783882783 0.5642731123046875 0.22459526813186814 0.5981185991210938 0.2167837728937729
1 0.49951103271484376 0.49647350695970693 0.477706701171875 0.5023321230769231 0.46859446435546875 0.5384602227106227 0.48551720751953126 0.5589653897435898 0.5043925961914062 0.550665665934066 0.5050002045898437 0.5506221223443224 0.5089487021484375 0.5194197428571429 0.49951103271484376 0.49647350695970693
1 0.5284749555664062 0.6833844915750916 0.51025045703125 0.6599500454212455 0.49300228125 0.678502315018315 0.49007333837890626 0.705842517948718 0.51025045703125 0.717559750915751 0.5245297001953125 0.7099484703296703 0.5258714702148437 0.7097482930402931 0.5284749555664062 0.6833844915750916
1 0.534332841796875 0.5937795692307692 0.5170846411132812 0.5981734989010989 0.5053688935546875 0.6303958981684982 0.5164337758789063 0.6655475406593406 0.534332841796875 0.6767765626373626 0.5493484345703125 0.6568396871794872 0.5535336630859375 0.6191668571428571 0.534332841796875 0.5937795692307692
1 0.6283843022460938 0.48109637728937726 0.6244790615234375 0.4703555838827839 0.6143904770507812 0.4610794586080586 0.60202383984375 0.4610794586080586 0.5951896806640625 0.471820252014652 0.5883554721679688 0.49281361025641024 0.5974677338867187 0.50648373992674 0.6150413422851563 0.5079483516483517 0.6261062490234375 0.499160473992674 0.6283843022460938 0.48109637728937726
1 0.5958405458984375 0.42983351721611723 0.6147159345703125 0.42592777875457877 0.62187555078125 0.3937054263736264 0.6062545380859375 0.3751531377289377 0.5989859028320312 0.3809181956043956 0.5860774189453125 0.3863821604395605 0.581846720703125 0.413234126007326 0.5958405458984375 0.42983351721611723
1 0.6280588447265625 0.47572598974358976 0.6466088256835938 0.471820252014652 0.66092805859375 0.446921136996337 0.6440053149414062 0.4137223362637363 0.6186211752929688 0.4171398637362637 0.6075563178710938 0.43764501172161174 0.6065799956054687 0.45180331428571435 0.6280588447265625 0.47572598974358976
1 0.72393277734375 0.5071955296703297 0.7317432836914063 0.4925489978021978 0.7349976596679687 0.46276772454212456 0.7229564545898437 0.45935019706959707 0.682602216796875 0.47057921904761907 0.6855311352539063 0.5086601978021978 0.7047319560546875 0.5159834630036629 0.7214521162109375 0.5066700263736263 0.72393277734375 0.5071955296703297
1 0.6181655698242188 0.5875827128205128 0.633461125 0.5944177589743589 0.6339762495117187 0.5945742183150183 0.6445260073242187 0.5934413194139194 0.6526619462890625 0.5768419377289377 0.6497330034179688 0.5236261897435897 0.633461125 0.5065385648351649 0.6090533081054688 0.5119089706959707 0.6038463120117188 0.5197204424908425 0.6074261201171876 0.5646364945054946 0.6171892470703125 0.5695186717948718 0.6181655698242188 0.5875827128205128
1 0.617701669921875 0.8485196615384616 0.6178401372070312 0.8493160278388279 0.633461125 0.8449220608058607 0.6360646357421875 0.8312519684981684 0.6367155009765625 0.8063528725274726 0.6233725659179687 0.7946356395604396 0.6028700141601563 0.7970767282051282 0.5986393159179687 0.8239287025641026 0.6057989326171875 0.8439456219780219 0.617701669921875 0.8485196615384616
1 0.43842181005859376 0.8235599311355312 0.421173609375 0.8216070717948718 0.4091324169921875 0.8343007252747253 0.409783294921875 0.8616409098901099 0.418570111328125 0.8723817032967033 0.4351674345703125 0.8684760021978023 0.44297794091796877 0.8460179575091574 0.4427499365234375 0.8460778783882784 0.43842181005859376 0.8235599311355312
1 0.5151417465820313 0.9349110717948718 0.5099347509765625 0.9095237648351648 0.5011479462890625 0.9070826761904761 0.48910674169921875 0.9241702967032968 0.4913848198242188 0.9515104813186813 0.50147337890625 0.9563926586080587 0.5099347509765625 0.9500458322344322 0.5151417465820313 0.9349110717948718
1 0.5463837475585938 0.8782778234432234 0.530762759765625 0.8792542534798535 0.516443501953125 0.9061062373626374 0.5236031186523438 0.9998440432234432 0.5727442099609374 0.9969147252747254 0.5619612338867187 0.9040702278388278 0.5642828134765625 0.9046415875457876 0.5463837475585938 0.8782778234432234
1 0.8500418017578125 0.38705760879120876 0.8550355908203126 0.39851662637362634 0.91092442578125 0.37912918534798534 0.9396745717773437 0.3467812175824176 0.9367150122070312 0.3274358695970696 0.8794261318359375 0.30872479267399267 0.8487734165039063 0.3366328454212454 0.8293247875976563 0.3417070315018315 0.8267880180664062 0.36771226153846154 0.826576623046875 0.38008059413919415 0.8392605048828125 0.3883261611721612 0.8500418017578125 0.38705760879120876
1 0.808826029296875 0.4403812783882784 0.8103058090820312 0.4546524395604396 0.7847266499023438 0.46258086300366297 0.7777505166015625 0.49524596923076925 0.7948737622070312 0.5177626857142857 0.787052033203125 0.5539162996336996 0.7948737622070312 0.5786529765567765 0.8191845361328125 0.5910213216117216 0.8278518525390625 0.5827757787545788 0.84497508984375 0.5970469282051282 0.8637895185546876 0.5986326124542124 0.8627325283203126 0.5745301992673992 0.8629439228515625 0.572944515018315 0.88852308203125 0.5685046168498168 0.901418375 0.5434507714285715 0.901418375 0.5158598688644689 0.8694972587890625 0.4812919399267399 0.8494144453125 0.4432355091575092 0.8411699350585937 0.4476754373626373 0.8322912080078125 0.4324528586080586 0.8240466811523437 0.43752704102564105 0.8179161513671875 0.4292814893772894 0.808826029296875 0.4403812783882784
1 0.8792215815429687 0.7757298923076922 0.90353235546875 0.7573359538461538 0.9052235297851563 0.723719432967033 0.8942308383789063 0.7157910095238095 0.8906370625 0.7065940461538461 0.8914826577148437 0.6901029238095239 0.8902142729492187 0.677417441025641 0.8692858642578125 0.6875658307692308 0.8534310112304687 0.6460208871794871 0.8428611098632812 0.6349210952380953 0.818563375 0.6360404549450549 0.7976219272460937 0.650143671062271 0.8005815029296875 0.6761488945054944 0.7946623676757812 0.6796374139194139 0.7986789169921875 0.7031055326007326 0.8181275458984375 0.7192795230769231 0.8191845361328125 0.7427476476190477 0.8363077739257813 0.745601884981685 0.8422269252929687 0.7630444153846153 0.8792215815429687 0.7757298923076922
1 0.6169970385742187 0.6650378234432234 0.6449239135742187 0.6768834505494505 0.6651957807617187 0.6615493223443223 0.6643502016601562 0.6368126512820513 0.6605450302734375 0.607953178021978 0.6353886611328124 0.599390484981685 0.6083297221679688 0.5911449208791208 0.5939546494140625 0.6022447157509158 0.5918406689453125 0.6304699128205128 0.5967028305664063 0.6501323860805861 0.6169970385742187 0.6650378234432234
1 0.6561056748046875 0.6821632219780219 0.6322176904296875 0.6799432615384615 0.6112892817382812 0.67106343003663 0.6000851958007812 0.6656720996336997 0.5923299213867188 0.6756938483516484 0.5924748696289063 0.6761376161172161 0.5888810932617188 0.6935801465201465 0.5941660444335938 0.7173654153846154 0.6072727319335938 0.7195854007326007 0.6252415649414063 0.7262452468864469 0.6330632856445313 0.7338565619047619 0.6561056748046875 0.7325879853479854 0.656739859375 0.7116569772893773 0.6601222407226562 0.7078513076923078 0.6561056748046875 0.6821632219780219
1 0.4571371142578125 0.743273504029304 0.4526431806640625 0.7192728769230768 0.44185773974609377 0.7200818923076924 0.4319710859375 0.7319473655677656 0.4332293955078125 0.7589143567765567 0.4459921640625 0.7699708190476191 0.455878818359375 0.7661954468864468 0.4573168686523438 0.7421948197802197 0.4571371142578125 0.743273504029304
1 0.47243578369140626 0.8028334564102565 0.46342862109375 0.8112303245421245 0.4582156552734375 0.8301072190476191 0.4632488666992188 0.8435907150183151 0.46558571728515624 0.8576135523809524 0.472955765625 0.8546471875457876 0.4819436328125 0.8430513728937729 0.48032581396484375 0.8133876820512821 0.4722367338867188 0.8034098930402931 0.47243578369140626 0.8028334564102565
1 0.6233568857421875 0.8792235846153846 0.626592509765625 0.8913587311355312 0.627131787109375 0.9158986945054945 0.6397148012695313 0.9320788893772893 0.66200471484375 0.9442140358974359 0.6755953081054688 0.9417529765567766 0.6758460244140625 0.9412476600732601 0.6801602036132812 0.9299215318681319 0.674048451171875 0.9075389208791209 0.6691950083007813 0.8856956615384616 0.6584095678710937 0.8700548087912088 0.6485229140625 0.8503689018315018 0.6391755239257813 0.8506385728937729 0.6238961494140625 0.8595376776556776 0.6233568857421875 0.8792235846153846
1 0.5130126118164062 0.02571983736263736 0.5039874838867188 0.0011351692307692309 0.48166218115234377 0.0014914637362637363 0.47311207080078127 0.022869443956043956 0.48403721337890626 0.05743050402930403 0.49662488916015624 0.05921200146520147 0.49622651318359373 0.057915173626373634 0.5123000952148438 0.044247417582417584 0.5130126118164062 0.02571983736263736
1 0.55481316796875 0.0998301435897436 0.56511387109375 0.07840822710622711 0.5655008110351563 0.0802336673992674 0.5735759223632813 0.06633799267399268 0.5652633115234375 0.03320212307692308 0.5545756684570312 0.027857629304029304 0.550538103515625 0.04139702344322344 0.5353378959960937 0.06384389304029303 0.5303503330078125 0.08557816117216117 0.5441255249023438 0.10731244249084249 0.55481316796875 0.0998301435897436
1 0.7186058115234375 0.40679159633699635 0.7036431220703125 0.39859670915750917 0.6862606040039062 0.4000600681318681 0.6718176923828125 0.407147904029304 0.664217580078125 0.4263880725274725 0.67371770703125 0.44812235384615384 0.6706301767578124 0.464868421978022 0.6841678505859375 0.46914401978021975 0.729055955078125 0.4548920373626374 0.7340435180664062 0.4388585567765568 0.727630939453125 0.420687284981685 0.7186058115234375 0.40679159633699635
1 0.6011784028320313 0.802210147985348 0.5995158881835938 0.7847514366300367 0.5902532783203125 0.7690742644688644 0.5767156044921875 0.7680053684981686 0.5627028950195313 0.7797632512820513 0.5650779272460937 0.8086235098901099 0.5983283720703125 0.8182436278388279 0.6011784028320313 0.802210147985348
1 0.8073441694335938 0.24879409084249082 0.8248566279296875 0.2463689750915751 0.8197375771484375 0.23020159633699636 0.8372500356445313 0.22454302271062268 0.8499129233398437 0.1982710322344322 0.8588038305664063 0.20433379926739928 0.8717361162109375 0.17563669304029306 0.8714667182617187 0.12955967252747252 0.858264994140625 0.09277888791208791 0.8364418012695313 0.10288349597069596 0.8124631791992187 0.12026344029304029 0.7793242109375 0.1461312293040293 0.7669308037109375 0.14208938461538462 0.7583092734375 0.15946932161172162 0.7575009975585938 0.18452875384615386 0.7372943149414063 0.17927435897435898 0.7410662329101563 0.21080074432234433 0.7116991831054688 0.24394390549450548 0.7011917241210938 0.26011128424908425 0.7003834487304688 0.3065924827838828 0.7098132338867188 0.30457156043956046 0.6976892241210938 0.3356937523809524 0.6974198061523438 0.3607531772893773 0.7154711010742187 0.37772894358974357 0.7350390756835937 0.37043941025641025 0.7459158452148438 0.3684326879120879 0.7480712124023438 0.3506485655677656 0.7588481303710938 0.343373263003663 0.760464640625 0.3235682183150183 0.774205201171875 0.3114426842490842 0.7763605888671875 0.28799998754578754 0.7884845986328125 0.2835539494505494 0.790639986328125 0.2649614695970696 0.805458220703125 0.2609196249084249 0.8073441694335938 0.24879409084249082
1 0.8188044375 0.9684846366300366 0.8611718442382813 0.9691222065934066 0.8639802416992187 0.9695604102564102 0.8686412456054687 0.967408904029304 0.8661314912109375 0.9120078095238096 0.8514314130859375 0.9017882058608058 0.8611119267578125 0.8673642673992674 0.82669231640625 0.8582203553113553 0.7779311333007812 0.875970210989011 0.78581895703125 0.9120078095238096 0.8188044375 0.9684846366300366
1 0.944292720703125 0.9695604102564102 0.9661635576171875 0.9652573978021979 0.9615025532226562 0.939439402930403 0.9421415258789062 0.9302955523809524 0.9188365590820312 0.9383636703296704 0.9195536240234375 0.9544999069597069 0.9278000078125 0.9625680249084249 0.944292720703125 0.9695604102564102
1 0.43882447998046875 0.9632440857142858 0.44074737060546876 0.9250219897435897 0.4397859252929687 0.9015838996336997 0.4337769140625 0.8950933267399267 0.4219992490234375 0.89617510989011 0.4097408701171875 0.9084350117216118 0.40204932470703125 0.9372818908424909 0.40469330419921873 0.977306945054945 0.4181534853515625 0.9942544754578755 0.42512394189453123 0.9895668468864469 0.43882447998046875 0.9632440857142858
1 0.390992748046875 0.9506235758241758 0.3789747260742187 0.9390848212454214 0.37128319921875 0.9437724366300366 0.3590248203125 0.9722587355311356 0.36263022705078124 0.9989421047619047 0.38882950048828124 0.9996632652014653 0.3859451826171875 0.9830763150183149 0.39491767138671874 0.9657437106227106 0.390992748046875 0.9506235758241758
1 0.33667129150390623 0.9372818908424909 0.3393152529296875 0.9801916161172161 0.35541941357421875 0.9762251758241758 0.36336512548828126 0.9477092813186813 0.3621494951171875 0.9221372769230769 0.3525350771484375 0.9127620322344323 0.33667129150390623 0.9372818908424909