0 0.09534145703125 0 0.08842151220703125 0.006921634432234433 0.08919039501953124 0.044413819780219785 0.1030302841796875 0.06748593406593408 0.12571232421875 0.0744075684981685 0.14760445751953125 0.06229470842490842 0.15146483837890626 0.006344831501831502 0.14416550927734376 0 0.09534145703125 0
0 0.139936654296875 0.07902199194139195 0.1491632470703125 0.10440131721611723 0.16800087353515625 0.10036369743589743 0.16953863916015624 0.06863953992673992 0.18530073486328125 0.061141103296703296 0.18376296923828125 0.03114735457875458 0.172614169921875 0.020764902564102565 0.14454995068359375 0.03749218608058608 0.139936654296875 0.07902199194139195
0 0.17993418359375 0.011887766300366299 0.1806874384765625 0.02884014285714286 0.18568517626953124 0.06287151135531135 0.19990950634765625 0.068062736996337 0.2129805126953125 0.07383076556776556 0.2272048427734375 0.10959254285714284 0.23989140771484374 0.10728533186813187 0.2602667993164062 0.11939819194139194 0.267571185546875 0.08305961172161172 0.23912252490234376 0.043837017582417585 0.21836269140625 0.010382451282051283 0.20106283056640625 0 0.17993418359375 0.011887766300366299
0 0.12225235205078125 0.14073989743589743 0.1334011513671875 0.16900323736263737 0.1503165712890625 0.15919758901098902 0.15070101220703125 0.1401630945054945 0.14753589697265626 0.12973540952380952 0.156115521484375 0.11635802344322344 0.15185433642578125 0.10670852893772893 0.12340567578125 0.1170909802197802 0.12225235205078125 0.14073989743589743
0 0.20574276171875 0.21479539633699635 0.20506985009765624 0.19636993919413917 0.2183598564453125 0.189302641025641 0.2471268330078125 0.19662234285714286 0.2471268330078125 0.18905023736263737 0.1941350341796875 0.1567425868131868 0.17058312353515626 0.12847339194139196 0.1603212197265625 0.11156235604395603 0.15258273486328125 0.11938686520146521 0.146021845703125 0.12973540952380952 0.14703121337890626 0.14841327032967033 0.14972285986328124 0.1595190249084249 0.1434984267578125 0.1741584293040293 0.14299374267578124 0.1736536227106227 0.16553628564453124 0.20924251868131868 0.17041489599609375 0.20444685201465201 0.1764711015625 0.21479539633699635 0.18336844677734376 0.20873771208791211 0.18034034375 0.20141800952380953 0.1874059169921875 0.20646607985347984 0.1890881962890625 0.2223675018315018 0.1958173134765625 0.23448287106227106 0.2015370634765625 0.2289299934065934 0.20574276171875 0.21479539633699635
0 0.2077614970703125 0.06688693333333333 0.19211629931640625 0.06461530109890111 0.18168616748046876 0.05578117802197802 0.169069072265625 0.06562491575091575 0.165199830078125 0.08531238974358975 0.161835271484375 0.09969939047619047 0.16419046240234375 0.1211536901098901 0.17966743212890626 0.14286039267399267 0.185387181640625 0.15573297216117216 0.20271465869140626 0.1602762358974359 0.21886454052734375 0.16355748131868134 0.22559365771484374 0.15876181465201467 0.22508897412109374 0.12923060293040295 0.22054681982421875 0.09641814505494506 0.21920099609375 0.08278835457875458 0.2077614970703125 0.06688693333333333
0 0.01235650830078125 0.02610634505494505 0.0115999873046875 0.046159044688644686 0.023199974609375 0.08512938534798535 0.04135647607421875 0.08929126593406593 0.06153036669921875 0.08966961904761904 0.06569123193359375 0.05675292380952381 0.0481651640625 0.030646578754578754 0.020426064453125 0.02118775824175824 0.01235650830078125 0.02610634505494505
0 0.13440854736328126 0.31592460732600736 0.1182694345703125 0.32614013333333336 0.10994770458984375 0.3590568293040293 0.1258346435546875 0.3783528234432234 0.1487824443359375 0.3651104747252747 0.1601302578125 0.353381536996337 0.15054765966796874 0.3458144805860806 0.15306939599609376 0.32841025054945056 0.14348679833984376 0.31895143003663 0.134660720703125 0.3163029604395604 0.13440854736328126 0.31592460732600736
0 0 0.5175866622710623 0.05295646337890625 0.5164516036630037 0.0849825146484375 0.5081278417582418 0.1182694345703125 0.45250997655677655 0.11524335107421875 0.43434904102564104 0.08195643115234374 0.43737586373626375 0.06833905517578125 0.43207892380952384 0.04413038623046875 0.4506182124542124 0.01739998095703125 0.44418621465201463 0 0.4509965655677656 0 0.5175866622710623
0 0 0.45326668205128207 0.01613911279296875 0.44569962564102567 0.03782604541015625 0.45440174065934064 0.05875645703125 0.443051156043956 0.07439122216796876 0.4309438659340659 0.08321729931640626 0.43813256923076926 0.1157476982421875 0.42980880732600735 0.1235650810546875 0.41391798827838827 0.09910423828125 0.377596117948718 0.078678173828125 0.3791095289377289 0.07968686865234376 0.3545165956043956 0.0393390869140625 0.34543612747252744 0 0.3518681252747253 0 0.45326668205128207
2 0.1629637802734375 0.41644784615384617 0.1629637802734375 0.41613235531135534 0.145300609375 0.4426335816849817 0.148875298828125 0.4495743794871795 0.16233295263671876 0.47986149523809524 0.1928229501953125 0.49847545201465204 0.20375729443359375 0.47796855018315015 0.20375729443359375 0.44641947106227103 0.19387432958984374 0.4205492263736264 0.1629637802734375 0.41644784615384617
0 0.19666427587890625 0.5873069641025641 0.220807205078125 0.5871183018315018 0.229609314453125 0.559762210989011 0.219046783203125 0.5405186161172161 0.199933630859375 0.5375000131868132 0.19804746484375 0.5539136673992674 0.19666427587890625 0.5873069641025641
0 0.228097912109375 0.6084602029304029 0.2044388203125 0.5888911758241758 0.185936197265625 0.575238367032967 0.1462010556640625 0.5688670556776556 0.10616259228515625 0.613466232967033 0.07916696142578125 0.638951476923077 0.06946066748046875 0.7213234263736265 0.11131906103515625 0.7741142893772894 0.15044755908203125 0.7786652256410256 0.166220287109375 0.7877670989010989 0.20777535888671875 0.7445332029304029 0.2111118974609375 0.7140419282051282 0.22900787744140624 0.7099460857142857 0.2296145205078125 0.6944729018315018 0.216875009765625 0.6680774703296704 0.23628759814453126 0.6357658212454212 0.228097912109375 0.6084602029304029
0 0.1389213349609375 0.5292739084249084 0.13497815283203124 0.5338248454212454 0.1222386416015625 0.5231566036630036 0.1222386416015625 0.5233576915750916 0.074313814453125 0.5738730857142857 0.0727972060546875 0.6034541728937729 0.09008654248046875 0.6230231992673992 0.1088924873046875 0.6166518886446887 0.13346154443359376 0.5920768315018315 0.146504376953125 0.573417991941392 0.18775612744140624 0.5761485538461538 0.1956424912109375 0.5656814 0.191092666015625 0.5488429355311355 0.17744318994140626 0.562495745054945 0.15894056640625 0.5338248454212454 0.1389213349609375 0.5292739084249084
0 0.141305498046875 0.4784040058608059 0.13313732080078125 0.4739298644688645 0.12815204248046874 0.47575419194139196 0.1204312666015625 0.49474434871794876 0.12069057421875 0.5165314725274726 0.1234132998046875 0.5278140901098901 0.12950701953125 0.5352061501831501 0.1359897001953125 0.5361787897435898 0.14662129638671875 0.5295648417582417 0.1637355732421875 0.5202275025641026 0.171644443359375 0.5052488549450549 0.1729409794921875 0.48968662344322345 0.16788448876953124 0.4822945633699634 0.157641853515625 0.4848234263736264 0.141305498046875 0.4784040058608059
0 0.16869577197265626 0.8470691677655677 0.16205571875 0.8819379567765568 0.172015798828125 0.9076744439560439 0.206322740234375 0.9076744439560439 0.2284562509765625 0.8487295860805861 0.25778315283203124 0.7723503333333334 0.24118301953125 0.7681992871794872 0.20078936279296875 0.8279743545787546 0.18584921630859375 0.8288045633699633 0.16869577197265626 0.8470691677655677
0 0.1847183095703125 0.7829595084249084 0.1474505712890625 0.8038092637362637 0.14334480322265625 0.8004922571428572 0.14302897509765625 0.8000183992673991 0.112709458984375 0.805704695970696 0.1029187822265625 0.8483519238095237 0.10070798388671875 0.8744141179487179 0.1164993984375 0.8824697054945055 0.13165915673828124 0.8601983758241758 0.1405023486328125 0.8639892402930404 0.14839805615234375 0.8246590197802198 0.19135070361328124 0.7905412373626373 0.190087390625 0.7815379340659341 0.1847183095703125 0.7829595084249084
0 0.21187953662109374 0.7630574688644689 0.205247142578125 0.7606881780219781 0.2030363310546875 0.7677960498168498 0.1872449296875 0.8023876893772893 0.19008738427734376 0.8237113032967033 0.227986779296875 0.834136180952381 0.2463048203125 0.8066524124542125 0.242514880859375 0.7739562043956044 0.234935001953125 0.7535803069597069 0.22293352685546874 0.7597404622710622 0.22640763818359375 0.7256226798534798 0.2147219912109375 0.7227795318681319 0.21187953662109374 0.7630574688644689
0 0.14555559765625 0.82702830989011 0.14302897119140626 0.8502473560439561 0.15281963720703126 0.8687278212454213 0.17871756787109375 0.8521427882783883 0.1828233359375 0.8455087750915752 0.18377082080078125 0.8289237421245421 0.17271683056640624 0.838400904029304 0.17808591162109375 0.8241851611721611 0.21756444775390624 0.7715869142857142 0.21409033642578126 0.7696914820512821 0.172401001953125 0.8099694190476191 0.15597793115234376 0.8128125670329671 0.14555559765625 0.82702830989011
0 0.2134586806640625 0.8971593062271062 0.20556297314453126 0.902371745054945 0.20651044189453124 0.9085319003663004 0.19261401318359375 0.940280391941392 0.19956223583984375 0.9706073091575093 0.227039296875 0.9653948703296703 0.24788396435546875 0.9289077978021978 0.24219905517578125 0.9066364681318682 0.23651414599609374 0.900002454945055 0.25767464111328126 0.8592506593406594 0.25325304541015625 0.8507212139194139 0.22767095361328124 0.8985808805860805 0.2134586806640625 0.8971593062271062
0 0.25167390185546873 0.992404780952381 0.27220274072265627 0.9663425860805861 0.26656023583984373 0.9169587868131869 0.2655703466796875 0.9165874879120879 0.24440985107421875 0.9345940945054946 0.22956592138671875 0.9620778637362638 0.233987517578125 0.9843491934065934 0.25167390185546873 0.992404780952381
0 0.3900066782226562 0.7796425018315019 0.381479314453125 0.7767993531135531 0.36442458642578124 0.7967013926739928 0.35810800830078127 0.8090217025641027 0.336947525390625 0.8061785538461538 0.3265251918945313 0.8365054717948717 0.32589353515625 0.8654108146520146 0.3366316967773437 0.8971593062271062 0.35494973779296873 0.9104273326007326 0.37547857666015627 0.9071103260073259 0.38558508203125 0.8744141179487179 0.3947441025390625 0.8374531875457876 0.39032250634765625 0.8137602835164836 0.3900066782226562 0.7796425018315019
0 0.38779587841796875 0.8630415238095238 0.3773735444335938 0.9047410351648352 0.378321029296875 0.9118489069597069 0.3792685141601562 0.9132704813186814 0.378952673828125 0.9127966227106227 0.392849130859375 0.9492836952380952 0.407693060546875 0.9469144051282051 0.4256952729492188 0.9180090615384615 0.4288535561523438 0.888156002930403 0.4244319599609375 0.8592506593406594 0.41400962646484374 0.8497734981684981 0.41558876806640627 0.8066524124542125 0.407377232421875 0.8080739868131868 0.40074483837890623 0.8469303494505495 0.38779587841796875 0.8630415238095238
0 0.38716422021484376 0.9445451142857143 0.3688461694335938 0.9317509465201466 0.3685303510742188 0.9312770879120879 0.3637929267578125 0.9037933194139195 0.3603188154296875 0.902845602930403 0.34231660302734374 0.9336463787545787 0.3391583203125 0.9601824315018315 0.34042163330078123 0.9980910776556776 0.37389943212890625 0.999512652014652 0.37705771484375 0.9925232454212454 0.38716422021484376 0.9445451142857143
0 0.405798076171875 0.9516529853479854 0.3862167353515625 0.9649210117216118 0.380531826171875 0.9943002131868132 0.3855850791015625 1 0.4231686455078125 0.999512652014652 0.42095784765625 0.9630255794871795 0.41685207958984377 0.9478621208791209 0.42222116064453125 0.9194306358974358 0.4159045947265625 0.9232215003663004 0.41085134228515624 0.9464405465201466 0.405798076171875 0.9516529853479854
0 0.4733853413085938 0.8943161575091576 0.459488880859375 0.8630415238095238 0.459173068359375 0.8639892402930404 0.4683320883789063 0.7995445413919414 0.459488896484375 0.8000183992673991 0.44969821923828124 0.862567665934066 0.4332751484375 0.8824697054945055 0.43106435009765626 0.9270123655677656 0.44180251220703126 0.9435973985347986 0.45633061328125 0.9379111010989012 0.4733853413085938 0.8943161575091576
0 0.48443933154296875 0.949757553113553 0.4721220278320313 0.9725027413919414 0.47843859375 1 0.5033890288085937 0.9990387941391942 0.49770411962890626 0.9559177084249083 0.49549332177734373 0.9407542498168499 0.5037048569335938 0.8658846725274725 0.49549332177734373 0.8677801047619048 0.495177474609375 0.867306246886447 0.48443933154296875 0.949757553113553
0 0.4195848193359375 0.9642232014652014 0.42313453466796874 0.9967293912087912 0.43280444921875 1 0.445534462890625 0.9993005018315018 0.4564284169921875 0.9737730424908425 0.4481049462890625 0.9592646300366301 0.443208787109375 0.9462254241758242 0.43513012451171873 0.9396139956043956 0.42815309326171874 0.9482455831501831 0.4195848193359375 0.9642232014652014
0 0.46352784619140625 0.9304314564102564 0.45189946826171873 0.9386957421245422 0.4454120576171875 0.9495311384615384 0.448839369140625 0.9605501860805862 0.45655081982421875 0.9776297091575091 0.472830548828125 0.9752422490842492 0.48323488671875 0.9572444717948718 0.4738097734375 0.9342881230769231 0.46352784619140625 0.9304314564102564
0 0.5490386596679687 0.9480067597069597 0.5284318193359375 0.9026468571428571 0.5292719775390625 0.8607337560439561 0.5200302412109375 0.8601034835164836 0.5164595703125 0.878381378021978 0.51015838671875 0.8900414131868133 0.5044873212890625 0.9184036622710623 0.4941953876953125 0.9373118285714286 0.49545562451171876 0.9568502666666666 0.503017044921875 0.9993936402930403 0.5502759233398438 1 0.5521662783203125 0.9981330959706959 0.5490386596679687 0.9480067597069597
0 0.63660213671875 0.9461356395604396 0.627360400390625 0.9382572366300366 0.6338716235351562 0.9281728813186814 0.6185387426757812 0.9070587626373626 0.6116074409179687 0.8913019575091575 0.5952243627929688 0.8963441355311356 0.5893432578125 0.8474980395604396 0.577791087890625 0.8474980395604396 0.578001126953125 0.8824781472527472 0.58724286328125 0.913361484981685 0.5746404956054687 0.9288031538461539 0.5641385229492187 0.9369966923076923 0.5645586015625 0.9691405743589744 0.5685493515625 0.9968725516483516 0.57485053515625 1 0.6349218208007813 0.9987633677655677 0.6433233994140625 0.9811157465201465 0.63660213671875 0.9461356395604396
0 0.8203866401367188 0.8487585838827838 0.7974923388671875 0.8292201457875458 0.7838397690429687 0.8358380043956044 0.7823694975585938 0.8465526315018315 0.7985425361328125 0.8764905611721611 0.7941317075195312 0.9221852952380953 0.8220669555664063 0.9486567282051281 0.8386600732421875 0.9628378527472526 0.842230744140625 1 0.9291870805664062 1 0.959852841796875 0.9719767992673993 0.949560908203125 0.9505475443223443 0.9025120688476562 0.9247063846153846 0.8747868603515625 0.9139917567765566 0.8577736640625 0.8834235553113553 0.8531527958984375 0.8601034835164836 0.8325689287109375 0.8440315428571428 0.8203866401367188 0.8487585838827838
0 0.7570308916015625 0.7395222402930403 0.740093021484375 0.7377492417582417 0.7270942319335938 0.7525242256410257 0.7030661235351563 0.7223832586080586 0.6928246342773438 0.7306572498168498 0.7188222602539063 0.7690722080586081 0.7235491010742188 0.8216711516483517 0.7440320791015625 0.8512211194139193 0.7719992216796875 0.8411741304029304 0.7818468071289062 0.8039411706959707 0.7570308916015625 0.7395222402930403
0 0.7081868735351563 0.6780583062271062 0.705823453125 0.6538273326007326 0.6853404750976563 0.608911380952381 0.6270427690429687 0.6171853714285714 0.6166043286132813 0.639052347985348 0.6341330307617188 0.6538273326007326 0.6455562299804688 0.669784315018315 0.65579771875 0.6686023164835164 0.6581611391601563 0.6756943084249084 0.663675787109375 0.6963792864468864 0.6719477587890625 0.6934242893772894 0.6924307368164062 0.7040622783882784 0.7081868735351563 0.6780583062271062
0 0.6810075375976562 0.6963792864468864 0.6727355659179688 0.6928332901098901 0.663675787109375 0.6951972879120879 0.6589489462890625 0.6810133032967033 0.6089231948242187 0.639052347985348 0.6081354052734375 0.6585553274725275 0.6262549624023438 0.6821953018315019 0.6298000932617187 0.7046532776556776 0.639253775390625 0.708199273992674 0.6294061899414063 0.7365672432234431 0.632163513671875 0.7412952380952381 0.6487074575195313 0.7572522212454214 0.682189248046875 0.7306572498168498 0.6896734130859375 0.7040622783882784 0.6810075375976562 0.6963792864468864
0 0.5352632822265625 0.5799524117216117 0.5289608276367187 0.6071383824175823 0.5297486342773438 0.6579643274725274 0.5474742880859375 0.6957882871794872 0.5766231411132813 0.6940152886446886 0.5975000224609375 0.6615103238095238 0.6038024770507813 0.5923633985347986 0.5541706240234375 0.5610404322344322 0.5352632822265625 0.5799524117216117
0 0.5415657416992188 0.7578432205128205 0.5250217978515626 0.6869232967032967 0.5128107919921875 0.6721483128205128 0.5002058603515624 0.6863322974358974 0.49232781396484376 0.6863322974358974 0.4844497456054688 0.6940152886446886 0.46751189892578127 0.6686023164835164 0.4584521201171875 0.6739213106227107 0.47932900146484375 0.7123362695970696 0.4812985185546875 0.7483872307692307 0.4927217177734375 0.7785281978021978 0.51596201953125 0.7803011963369965 0.5415657416992188 0.7578432205128205
0 0.41275933056640624 0.7513422271062271 0.4430898940429687 0.7365672432234431 0.4423020869140625 0.705244276923077 0.404487337890625 0.6455533413919413 0.4044873588867188 0.6461443406593407 0.39385196630859376 0.652054334065934 0.371793375 0.6804223032967033 0.36627872705078124 0.7028802791208791 0.37376289208984376 0.7141092673992674 0.36155188623046874 0.7259292549450549 0.36588482373046877 0.7418862373626374 0.38873122216796874 0.7401132395604396 0.41275933056640624 0.7513422271062271
0 0.3966092705078125 0.5131694835164835 0.380853162109375 0.5131694835164835 0.36155189453125 0.522034473992674 0.3584006674804687 0.5362184586080586 0.36982386669921874 0.5663594263736264 0.3654909291992188 0.6047743853479853 0.39700320263671873 0.6272323611721612 0.408032498046875 0.5929543978021978 0.41236543603515624 0.5356274593406594 0.3966092705078125 0.5131694835164835
0 0.4182739799804687 0.4830285164835165 0.407638587890625 0.5261714695970696 0.40960810498046873 0.5433104512820514 0.41078981494140626 0.5817254102564103 0.439150861328125 0.601228389010989 0.4667241005859375 0.5787704131868132 0.46869361767578127 0.5190794776556776 0.45766432177734373 0.4830285164835165 0.4182739799804687 0.4848015142857143 0.4182739799804687 0.4830285164835165
0 0.44781673095703123 0.4777095216117216 0.4545130888671875 0.4771185223443224 0.46357286767578126 0.49366650476190477 0.46790580517578123 0.522034473992674 0.48287413525390627 0.5184884776556776 0.50769005078125 0.4806645186813187 0.5234461875 0.41742758681318676 0.5116290849609375 0.36010064835164834 0.4730265498046875 0.3453256644688645 0.46239115771484374 0.3612826468864469 0.46317896435546874 0.3825586241758242 0.449786248046875 0.3719206358974359 0.4300910771484375 0.39496961098901096 0.42181910546875 0.4304295728937729 0.42615204296875 0.45997954065934066 0.43127278759765625 0.48716551135531133 0.4450594072265625 0.48716551135531133 0.44781673095703123 0.4777095216117216
0 0.5276003232421875 0.6136464197802197 0.5412170908203126 0.5966213054945055 0.5298697841796876 0.5864062366300367 0.524574375 0.5903787633699634 0.520791939453125 0.5824337098901099 0.4878847514648437 0.5767586717948717 0.47502447119140623 0.6085388857142857 0.48031988037109374 0.6562092058608058 0.5018797622070312 0.6811793736263736 0.5124705815429688 0.6720993120879121 0.5226831572265624 0.6845843963369964 0.5389476293945312 0.6607492358974358 0.530626271484375 0.6562092058608058 0.5313827583007813 0.6295365267399268 0.5276003232421875 0.6136464197802197
0 0.6917580151367188 0.4433952761904762 0.685327875 0.39799497142857143 0.6633897495117187 0.37415981098901097 0.6630115063476563 0.37359230695970697 0.650907712890625 0.3838073758241758 0.6380474326171875 0.3775648336996337 0.6342649970703125 0.39912997875457873 0.61648755078125 0.39004991794871796 0.6100574106445312 0.42296513919413914 0.6267001264648437 0.46496042124542125 0.6660374545898438 0.47006795531135526 0.6917580151367188 0.4433952761904762
0 0.7983481591796875 0.552627156043956 0.7924798276367188 0.5262132175824176 0.7522817553710938 0.5020004395604395 0.7396648422851563 0.5090441567765568 0.72147300390625 0.49583718754578754 0.7161915151367187 0.49979927838827837 0.7167783486328125 0.5077234600732601 0.7282215952148438 0.5200499648351649 0.7235269301757813 0.5451432065934066 0.7411319248046875 0.5601111054945055 0.7610842529296875 0.5759594688644688 0.7804497475585938 0.585204347985348 0.7957074096679687 0.5821227216117216 0.7983481591796875 0.552627156043956
0 0.8156597192382813 0.5235718234432234 0.80392307421875 0.5257729846153846 0.7951205766601562 0.5433822776556777 0.7992284086914062 0.5521869238095238 0.7957074096679687 0.5790410952380952 0.8056835737304687 0.5882859743589743 0.815072904296875 0.5869652769230769 0.8273964008789062 0.571997378021978 0.8297437338867187 0.5398604190476191 0.8156597192382813 0.5235718234432234
0 0.746706841796875 0.5746387721611722 0.7288084301757812 0.5565892468864468 0.7106165913085938 0.5618720351648352 0.695358939453125 0.5301753084249085 0.6839156923828125 0.5262132175824176 0.6774605278320313 0.5376592578754579 0.6962391889648437 0.5755192366300366 0.6947721059570312 0.5913676 0.7021075209960937 0.6195424688644688 0.7285150131835938 0.6340701347985348 0.7420121762695312 0.611178054945055 0.746706841796875 0.5746387721611722
0 0.7464134252929687 0.6525598923076923 0.7563895888671875 0.6609243062271063 0.7651920864257813 0.6565219831501832 0.77194066796875 0.6362712967032967 0.7651920864257813 0.6252654886446887 0.7478805078125 0.5997320146520146 0.7431858427734375 0.6036941054945055 0.7332096787109375 0.615580378021978 0.7249940141601563 0.6257057208791209 0.7229400981445312 0.6309885091575091 0.7296886796875 0.6375919934065934 0.7308623461914062 0.6463966402930403 0.73966484375 0.639352923076923 0.7393714272460937 0.6547610542124542 0.7464134252929687 0.6525598923076923
0 0.9269461220703125 0.6731375347985348 0.9507148198242188 0.6575829421245422 0.9519791123046875 0.6150923465201465 0.904441701171875 0.6056078388278389 0.8981202548828126 0.6131954454212455 0.8773858588867187 0.5949851897435897 0.8740986987304687 0.5980202322344322 0.8766272836914063 0.6048490783882784 0.890028783203125 0.6268531362637363 0.8993845473632812 0.6336819824175824 0.9029245659179688 0.6439252505494506 0.912786046875 0.6682055912087912 0.9269461220703125 0.6731375347985348
0 0.8632257841796875 0.6462015326007327 0.8604443408203125 0.6716200139194138 0.884465896484375 0.6864158461538461 0.9036831416015625 0.6666880695970696 0.9031774248046875 0.6465809128205128 0.8910402172851563 0.6314057003663004 0.8720758310546874 0.6173686285714286 0.8642372177734375 0.6162304879120879 0.8599386235351563 0.6279912776556776 0.863478642578125 0.6370964051282051 0.8632257841796875 0.6462015326007327
0 0.82377986328125 0.5718429904761905 0.8207455615234375 0.5782924564102564 0.8371813500976563 0.589294484981685 0.8369285043945313 0.6056078388278389 0.8546285981445313 0.6200242908424909 0.8751101352539062 0.6131954454212455 0.8811787392578125 0.604090317948718 0.8794087299804687 0.5858800622710623 0.87030582421875 0.5809481186813187 0.8647429375 0.5836037802197802 0.8617086357421875 0.5752574139194139 0.847548560546875 0.5851213018315018 0.82377986328125 0.5718429904761905
0 0.8480542802734375 0.667826210989011 0.857157185546875 0.6564448014652015 0.8637315063476563 0.640890208058608 0.862720072265625 0.6283706578754579 0.859432912109375 0.6211624315018315 0.8270670258789062 0.5949851897435897 0.7969768662109376 0.589294484981685 0.769162423828125 0.5782924564102564 0.7694152915039062 0.5779130754578755 0.768403857421875 0.5779130754578755 0.7666338481445313 0.5851213018315018 0.7886325361328125 0.5991583736263736 0.7931839887695312 0.6158511076923077 0.8081026396484375 0.624576854945055 0.8174584033203125 0.6492365750915752 0.8354113559570312 0.6666880695970696 0.8480542802734375 0.667826210989011
0 0.2854728662109375 0.1542133399267399 0.2661022104492187 0.10073727985347984 0.23355949365234374 0.10829367912087913 0.220774876953125 0.11933764835164835 0.21380144091796874 0.1321254021978022 0.22309935546875 0.16060721611721612 0.2219371162109375 0.17223244688644687 0.233559509765625 0.1850202 0.2521553388671875 0.18095136923076924 0.2688141025390625 0.1919953384615385 0.28276097412109374 0.1914140769230769 0.2854728662109375 0.1542133399267399
0 0.3110421259765625 0.38381164029304027 0.313754017578125 0.37741776336996335 0.31840297509765625 0.38729920952380953 0.3362239780273438 0.379161547985348 0.33777363037109376 0.3646300102564103 0.3443596533203125 0.3710238871794872 0.3428100009765625 0.3861366864468865 0.377289767578125 0.37044262564102565 0.38929957373046875 0.3291730571428571 0.3873625083007812 0.2908097970695971 0.35017085009765625 0.3082476424908425 0.3362239780273438 0.31347899633699633 0.3226645190429687 0.2977849355311355 0.3087176474609375 0.27511573626373625 0.29787008056640624 0.2530277978021978 0.29748265087890624 0.2530277978021978 0.2757875322265625 0.26581555164835163 0.2583539423828125 0.2809283509157509 0.2544798115234375 0.32161665787545785 0.2595161826171875 0.3582361333333333 0.26687703173828126 0.3454483802197802 0.26687703173828126 0.3745114556776557 0.29709525390625 0.3745114556776557 0.30174421142578123 0.3669550564102564 0.30174421142578123 0.3814865941391941 0.3110421259765625 0.38381164029304027
0 0.3350617392578125 0.3123164732600733 0.34203517529296873 0.30941016556776557 0.3501708505859375 0.2931348432234432 0.35481980810546876 0.3006912424908425 0.3629554833984375 0.297203673992674 0.3703163325195313 0.26581555164835163 0.35830652587890627 0.2617467208791209 0.3544323950195313 0.21350201465201465 0.3331246533203125 0.21524579926739928 0.3342869130859375 0.2140832761904762 0.32188969384765626 0.21350201465201465 0.3098798876953125 0.21466453772893773 0.30290645166015623 0.23500869084249082 0.30329386474609377 0.25884041318681317 0.3067805825195313 0.2727906901098901 0.3180155625 0.2942973663003663 0.32537641162109376 0.301272504029304 0.3350617392578125 0.3123164732600733
0 0.3614058291015625 0.20710813772893774 0.34745895703125 0.19548290769230767 0.349783435546875 0.16874487765567767 0.3459093046875 0.1507257706959707 0.33971069482421873 0.1263127868131868 0.32498899658203123 0.12340647912087913 0.30755540673828125 0.15188829377289376 0.30833023291015627 0.1925766 0.3215022788085938 0.20710813772893774 0.33777362939453126 0.2030393076923077 0.33971069482421873 0.21524579926739928 0.35365756689453126 0.2129207531135531 0.35598204541015627 0.23558995238095237 0.365667373046875 0.21931463003663001 0.3614058291015625 0.20710813772893774
0 0.39975972314453123 0.22454598388278388 0.39859748388671873 0.2175708454212454 0.4024716147460938 0.19955173846153848 0.4106072900390625 0.15944469304029305 0.40285902783203126 0.11352503296703297 0.373803044921875 0.08678700293040292 0.34668411083984374 0.10073727985347984 0.340485517578125 0.11468755604395606 0.3416477568359375 0.13328792454212454 0.34939601904296874 0.16235100073260073 0.3474589536132813 0.19432038461538462 0.36140582568359375 0.2076893992673993 0.36527995654296874 0.22803355238095238 0.389686982421875 0.22105841465201465 0.3947233525390625 0.22745229157509156 0.39975972314453123 0.22454598388278388
0 0.448186359375 0.22222093772893772 0.43850103173828126 0.18211389230769232 0.4470241201171875 0.18443893846153847 0.45554720849609376 0.12398774065934066 0.42765346484375 0.10248106446886447 0.415643658203125 0.11061872527472529 0.40479609130859373 0.12747530989010988 0.4098324619140625 0.15944469304029305 0.40634574365234377 0.18560146153846152 0.42029261572265625 0.20129552307692308 0.429977943359375 0.18850776923076923 0.43966327099609376 0.23500869084249082 0.4477989462890625 0.23442742930402932 0.448186359375 0.22222093772893772
0 0.40595832958984374 0.1263127868131868 0.40828280810546874 0.12398774065934066 0.419130375 0.11352503296703297 0.42571639794921873 0.10364358754578755 0.42416674560546874 0.09492466446886448 0.44586187939453126 0.1141062945054945 0.4567094462890625 0.08446195677655678 0.4385010302734375 0.05539888131868132 0.40944504736328124 0.049005004395604394 0.4098324604492187 0.06469906520146519 0.4051835029296875 0.06586158827838827 0.4036338505859375 0.0722554652014652 0.39549817529296877 0.060630234432234434 0.39356110986328124 0.07283672673992675 0.3838757822265625 0.07923060366300366 0.380389064453125 0.09376214139194139 0.4020841982421875 0.11178124835164835 0.40595832958984374 0.1263127868131868
0 0.45554719921875 0.22745229157509156 0.4508982421875 0.27511573626373625 0.48034163818359377 0.2867409663003663 0.49932488037109374 0.2762782586080586 0.5051360771484374 0.2309398600732601 0.5035864248046875 0.1983892153846154 0.4908017919921875 0.17746380073260073 0.47956681201171875 0.17746380073260073 0.467556990234375 0.1914140769230769 0.45554719921875 0.22745229157509156
0 0.518308123046875 0.1786263238095238 0.52373190625 0.16235100073260073 0.5287682768554688 0.1263127868131868 0.5175332963867187 0.10654989523809524 0.500874533203125 0.095505926007326 0.4869276611328125 0.103062326007326 0.473755615234375 0.11643134065934065 0.4718185498046875 0.14258810915750916 0.4663947666015625 0.16583856996337 0.4702688974609375 0.17223244688644687 0.485765421875 0.18211389230769232 0.5004871196289062 0.18618272307692307 0.5101724477539062 0.2129207531135531 0.5144339916992188 0.2076893992673993 0.5144339916992188 0.19490164615384617 0.518308123046875 0.1786263238095238
0 0.5330298173828125 0.16060721611721612 0.5380661875 0.16409478534798536 0.5454270366210937 0.16002595457875457 0.5419403188476563 0.13270666300366302 0.553950125 0.12921909450549451 0.5601487348632812 0.095505926007326 0.5527878857421875 0.08213691135531136 0.5496885810546875 0.05133005054945054 0.5376787744140625 0.03156715897435897 0.5148214013671875 0.04435491208791209 0.50164935546875 0.05191131208791209 0.499324876953125 0.07341798827838827 0.4888647231445313 0.07632429597069597 0.4884773095703125 0.10189980293040293 0.5012619423828125 0.09608718754578754 0.51753329296875 0.10713115677655677 0.5260563813476562 0.12340647912087913 0.5322549912109374 0.13270666300366302 0.5330298173828125 0.16060721611721612
0 0.581843865234375 0.0722554652014652 0.5892047143554687 0.07283672673992675 0.6050886518554688 0.03389220512820513 0.578744560546875 0.0036666058608058605 0.5516256274414062 0.020523189743589746 0.5442647939453125 0.04377365054945055 0.550075990234375 0.060048973626373625 0.5593739047851563 0.08446195677655678 0.5597613178710937 0.10015601831501832 0.5632480361328125 0.12166269450549451 0.5686718198242188 0.14258810915750916 0.5744830161132812 0.13386918608058607 0.5799067998046875 0.095505926007326 0.581843865234375 0.0722554652014652
0 0.6853800146484375 0.04217518168498168 0.6593264829101563 0.03389220512820513 0.643829958984375 0.05481761978021978 0.6407306538085937 0.07574303443223443 0.65080339453125 0.10887494065934065 0.643829958984375 0.13793801684981685 0.6492537421875 0.140263063003663 0.66048872265625 0.11817512527472528 0.6755978334960937 0.1141062945054945 0.6910943579101563 0.08678700293040292 0.6853800146484375 0.04217518168498168
0 0.587655060546875 0.2611654593406594 0.60431382421875 0.2530277978021978 0.6143865649414062 0.2175708454212454 0.5957907358398438 0.1681636161172161 0.5959991674804688 0.16851965934065935 0.5948250732421875 0.16115308571428572 0.58842988671875 0.1617697391941392 0.5818438637695312 0.1757200161172161 0.5698340576171875 0.17920758534798537 0.5516256416015625 0.2018767846153846 0.551238228515625 0.23442742930402932 0.56634733984375 0.2530277978021978 0.587655060546875 0.2611654593406594
0 0.6215571977539063 0.21279120805860804 0.6268079541015625 0.19785006593406593 0.6440087065429687 0.1858971523809524 0.6456382514648438 0.16932606666666666 0.65125112890625 0.1565581816849817 0.6445518881835938 0.13917212527472528 0.651070068359375 0.11743955457875457 0.6440087065429687 0.10168344102564103 0.6364041630859375 0.09380538461538462 0.6199276528320312 0.0829390989010989 0.611417806640625 0.08456904175824176 0.6043564453125 0.09136047032967033 0.60797765625 0.12232938315018316 0.5958465991210937 0.13509726813186812 0.5927685693359375 0.15981806739926738 0.6050806875 0.15954641025641025 0.5992867495117188 0.18453886666666666 0.6001920522460937 0.19377520879120877 0.60797765625 0.18209395238095238 0.612323109375 0.20328320879120879 0.6215571977539063 0.21279120805860804
0 0.572670849609375 0.16986938095238094 0.57212766796875 0.17992069523809523 0.575567818359375 0.18345223809523808 0.578102666015625 0.17666080952380953 0.5840776645507813 0.17666080952380953 0.5931306923828125 0.14976675384615384 0.5963897822265625 0.138628810989011 0.5967519033203125 0.13428229743589742 0.6081587182617187 0.12341601172161171 0.6079776577148438 0.10032515531135532 0.6063481127929687 0.09380538461538462 0.6000135419921875 0.07981312600732601 0.5998299326171875 0.07995087106227106 0.5998299326171875 0.07983900732600732 0.5848019067382813 0.08647064175824176 0.5829913012695312 0.10521498388278387 0.5855261489257813 0.11988446886446887 0.5815428168945312 0.11716789743589744 0.5815428168945312 0.1288491545787546 0.574119333984375 0.125860926007326 0.573032970703125 0.13699886813186812 0.578102666015625 0.13645555384615385 0.571765546875 0.13944378241758243 0.574662515625 0.15248332454212454 0.572670849609375 0.16986938095238094
0 0.7397715288085938 0.019136671062271064 0.7349626577148437 0.0006660989010989011 0.6726396909179687 0 0.6660996264648438 0.0329896 0.6801415297851563 0.0404932695970696 0.6834115620117187 0.05174877509157509 0.6884127875976562 0.06329288205128206 0.6936063681640625 0.08753550842490843 0.7101488837890625 0.07656860586080587 0.7322696899414063 0.04684252893772894 0.7397715288085938 0.019136671062271064
0 0.6771627666015625 0.19334390183150182 0.6827749501953125 0.16948629743589744 0.6824631625976563 0.1446931010989011 0.673421310546875 0.1208354967032967 0.6621969287109375 0.1208354967032967 0.64660754296875 0.1507744512820513 0.6522197270507812 0.15685580146520148 0.6462957548828125 0.16621172454212454 0.6447368149414062 0.18539136703296702 0.6319535073242187 0.19334390183150182 0.629459203125 0.21112015604395604 0.6388128432617187 0.21392693260073262 0.659702638671875 0.21720150549450548 0.6771627666015625 0.19334390183150182
0 0.6846456767578125 0.19334390183150182 0.70085865234375 0.21533032087912088 0.715200900390625 0.2087811750915751 0.7233073881835937 0.18773034798534802 0.73515533203125 0.15825918974358974 0.731102087890625 0.12785243956043954 0.7108358681640625 0.09229993113553114 0.7039765322265625 0.09651009670329669 0.6999232885742187 0.11989990476190475 0.6818395849609376 0.12411007032967034 0.6802806450195312 0.1414185282051282 0.6890107084960938 0.1671473164835165 0.681527796875 0.17603544395604395 0.6597026372070313 0.20036084395604395 0.6609497890625 0.2069099904761905 0.6846456767578125 0.19334390183150182
0 0.7123948056640625 0.21720150549450548 0.7208130815429687 0.22234726373626373 0.7407675131835938 0.21112015604395604 0.7519918813476563 0.20971676703296704 0.7613455209960938 0.22094387472527474 0.77319346484375 0.22094387472527474 0.7803645888671875 0.19708627106227106 0.7819235288085937 0.16013037435897434 0.7700755849609375 0.14562869304029302 0.756668701171875 0.1446931010989011 0.7494975771484375 0.1676151128205128 0.739208556640625 0.1559202087912088 0.7385849975585937 0.1545168205128205 0.7301667216796875 0.16434053992673991 0.7332846015625 0.1956828827838828 0.729231357421875 0.18726255164835165 0.720189505859375 0.19661847472527472 0.6980525581054687 0.21299134065934067 0.6896342822265625 0.22608963296703297 0.6958700419921875 0.2284286139194139 0.7123948056640625 0.21720150549450548
0 0.6980525649414062 0.24667266373626376 0.6905696528320312 0.22141167106227105 0.6746684653320313 0.20784558241758244 0.6653148251953125 0.21626591355311353 0.64504860546875 0.2092489706959707 0.6363185415039062 0.21954048644688642 0.6369190102539063 0.22134233113553112 0.6350713896484375 0.2532218102564102 0.6213527177734375 0.25649638315018314 0.612622654296875 0.26819128717948715 0.6247823857421875 0.28128957948717953 0.60856941015625 0.3042115912087912 0.6066986821289062 0.32058445714285716 0.618234837890625 0.3276013992673993 0.6385010576171875 0.3392963032967033 0.6737331010742188 0.3444420608058608 0.6896342890625 0.28409635677655676 0.6980525649414062 0.24667266373626376
0 0.7650869760742187 0.35379798461538464 0.7685166440429687 0.32245564175824176 0.7653987641601563 0.2752082293040293 0.7429500283203125 0.27614382197802195 0.7208130810546876 0.28596754139194136 0.7080297729492188 0.309825145054945 0.68963428125 0.3177776798534798 0.68963428125 0.3308759728937729 0.7024175893554687 0.3299403802197802 0.707406197265625 0.35333018827838825 0.730166720703125 0.3715742380952381 0.7413910883789062 0.3598793347985348 0.7650869760742187 0.35379798461538464
0 0.7189423549804688 0.287838726007326 0.7273606303710938 0.2798861912087912 0.7379614223632812 0.2836285604395604 0.7445089702148437 0.2555607912087912 0.7332846025390625 0.23544555604395606 0.7176951870117187 0.21579811721611722 0.7064708349609375 0.2284286139194139 0.6952464672851563 0.23872012893772895 0.6992997109375 0.26865908351648354 0.6880753432617187 0.28035398754578755 0.6784099155273438 0.3130997186813187 0.682774947265625 0.33227936117216117 0.696493619140625 0.3159064952380952 0.7108358666992187 0.30748616483516483 0.7189423549804688 0.287838726007326
0 0.8760533120117188 0.19997211208791207 0.860783322265625 0.1591626476190476 0.830243318359375 0.16131051428571427 0.8302433422851563 0.16131051428571427 0.8111558549804687 0.17562962417582417 0.7925455546875 0.21357526666666665 0.7620055747070312 0.2293262879120879 0.7620055747070312 0.25581664175824176 0.7887280571289063 0.267987884981685 0.8254714702148438 0.26154428571428573 0.8679411298828125 0.23075819853479854 0.8760533120117188 0.19997211208791207
0 0.8732349252929688 0.3034500564102564 0.898958296875 0.28015912893772893 0.9113651640625 0.2508049531135531 0.9113651640625 0.2128593106227106 0.8865514301757812 0.1928125567765568 0.8770076865234375 0.19567637875457874 0.8650780068359375 0.2336220205128205 0.8092471059570312 0.2751474402930403 0.804475234375 0.2887505948717949 0.8164049140625 0.28803463956043956 0.848853642578125 0.25939641904761906 0.8636464453125 0.2543847304029304 0.8646008198242188 0.28087508424908425 0.8732349252929688 0.3034500564102564
0 0.7796615004882812 0.34531108058608057 0.7925455546875 0.34244725860805864 0.81020148046875 0.3152409487179487 0.8321520908203125 0.3245483706959707 0.8650780068359375 0.30092183882783885 0.8679411298828125 0.2794431736263736 0.8650780068359375 0.2572485523809524 0.851716765625 0.2565325970695971 0.80972429296875 0.2930463282051282 0.7915911801757812 0.3059335274725275 0.7796615004882812 0.34531108058608057
0 0.9032529780273437 0.33743556996337 0.9285438989257813 0.31166117142857147 0.9299754604492187 0.27801126227106226 0.9108879458007813 0.27156766300366303 0.902298603515625 0.28015912893772893 0.8908461108398438 0.2959101501831502 0.8760533081054688 0.30092183882783885 0.869849875 0.31953668205128205 0.843127392578125 0.3302760146520146 0.8421730180664062 0.3460270358974359 0.8531483232421875 0.34745894725274723 0.872712998046875 0.34459512527472524 0.9032529780273437 0.33743556996337
0 0.8903689233398437 0.40401943223443226 0.9032529770507812 0.36965356776556774 0.9022986030273438 0.3467429912087912 0.8750989331054687 0.34173130256410256 0.8631692534179688 0.3567663684981685 0.8431273916015625 0.35175467985347986 0.79111398828125 0.34745894725274723 0.7801386831054687 0.3503227692307692 0.7806158701171875 0.36177805714285716 0.806383978515625 0.3667897457875458 0.8555342587890625 0.37180143443223446 0.8612605048828125 0.38182481172161176 0.8722358100585937 0.4068832542124542 0.8903689233398437 0.40401943223443226
0 0.9108879721679688 0.504969158974359 0.9447682622070313 0.4927979157509158 0.9657644985351562 0.46057991794871794 0.9600382524414063 0.43838529670329673 0.9285438979492188 0.42048640879120874 0.8941864208984375 0.4269300087912088 0.883211115234375 0.47418307252747255 0.9108879721679688 0.504969158974359
0 0.9503044711914063 0.5014868300366301 0.9645469169921875 0.5110346300366301 0.9927287778320313 0.5010321728937729 0.9987893930664062 0.46738754432234436 0.9763651166992188 0.4460186586080586 0.9636378247070313 0.4464733157509157 0.9642438862304687 0.46329563003663005 0.948183255859375 0.48466451575091574 0.94939537890625 0.5010321728937729 0.9512135634765625 0.5010321728937729 0.9503044711914063 0.5014868300366301
0 0.858486150390625 0.03228065714285714 0.8457588583984375 0.05910542857142857 0.8324255048828125 0.063652 0.8109103203125 0.10593511428571428 0.7909102900390625 0.13412385714285716 0.7960618129882813 0.14549028644688647 0.8369709663085938 0.11775619999999999 0.8957589340820312 0.10002457142857142 0.9112135029296875 0.06228802857142857 0.9084862260742187 0.0350086 0.8918195341796875 0.015003685714285715 0.858486150390625 0.03228065714285714
0 0.749092044921875 0.08320225714285714 0.7609102446289062 0.10275251428571429 0.8157588125 0.06865322857142857 0.8333345971679688 0.06728925714285713 0.856061904296875 0.04319242857142857 0.8636376733398438 0.004091914285714286 0.8606073657226563 0.00045465714285714286 0.7942436284179687 0 0.79394059765625 0.02637011428571429 0.7787890595703125 0.05910542857142857 0.749092044921875 0.08320225714285714
0 0.9988815869140625 0.10334926520146519 0.9790556811523438 0.09913610695970695 0.9562635200195313 0.11921102344322344 0.95527240234375 0.15465213846153847 0.8916756748046875 0.20496365128205127 0.8938230966796875 0.21413373040293043 0.9090202368164062 0.20496365128205127 0.9620450405273437 0.159856778021978 0.9845103779296875 0.165804936996337 1 0.1687790161172161 0.9988815869140625 0.10334926520146519
0 0.9780681123046875 0.08401774798534799 0.983023701171875 0.06270351135531135 0.9741036411132813 0.025279676190476188 0.9466827143554688 0.0173487978021978 0.9465175278320312 0.01710095750915751 0.940901193359375 0.026518876190476187 0.9324766918945312 0.02230559706959707 0.9270255439453124 0.024783996336996336 0.9316507607421874 0.049815832967032965 0.9361107905273437 0.062207831501831505 0.9471782729492187 0.07559118974358973 0.9480042045898438 0.0944270271062271 0.9780681123046875 0.08401774798534799
0 0.9148017573242188 0.13457710109890111 0.92173958203125 0.1301159816849817 0.9243825629882813 0.11698046373626374 0.9319811333007813 0.11896318315018316 0.9379278403320312 0.10929742490842492 0.9361107905273437 0.1038449457875458 0.9460219692382813 0.09393134652014651 0.948499763671875 0.07834840879120879 0.9413967524414063 0.06468623076923077 0.9288425932617187 0.06716463076923077 0.9304944565429687 0.03469759487179487 0.9227307001953124 0.0312278358974359 0.910672099609375 0.03023647545787546 0.910176541015625 0.039406554578754575 0.910672099609375 0.058738071794871796 0.9030735297851562 0.08079582857142857 0.9010912939453125 0.10235790549450549 0.8647503071289062 0.1325943816849817 0.8647503071289062 0.14325149963369962 0.8879383344726562 0.13807784102564102 0.9148017573242188 0.13457710109890111