0 0.49184446533203124 0.12956107912087914 0.4898018862304688 0.1585439706959707 0.51115618359375 0.18362532673992674 0.5319533950195312 0.17136333919413918 0.5369670112304687 0.12510216263736265 0.50967065625 0.10392235531135531 0.5005718823242188 0.10447972307692308 0.49184446533203124 0.12956107912087914
0 0.5705555107421875 0.057576751648351646 0.5907956708984375 0.027479124542124544 0.5818825751953125 0 0.5265471015625 0.0021190908424908424 0.5252114150390625 0.0013924886446886446 0.5313750224609375 0.08349415311355311 0.5573715625 0.10467396043956044 0.5705555107421875 0.057576751648351646
0 0.6186242397460937 0.03752711794871795 0.6295799140625 0.06037901538461538 0.62140958203125 0.09382082344322344 0.627723013671875 0.08880455238095239 0.641464046875 0.053133298901098906 0.64963437890625 0.03864184029304029 0.6695031489257812 0.023593027106227106 0.6730312548828125 0 0.6360790405273438 0.000462451282051282 0.6186242397460937 0.03752711794871795
0 0.640721283203125 0.044772846886446886 0.6368218041992187 0.07765730036630038 0.6479631733398438 0.09995183003663004 0.6624469536132812 0.09632895897435896 0.6737740180664062 0.06678869963369963 0.6750066494140625 0.03105250402930403 0.6561335053710937 0.025822484981684983 0.640721283203125 0.044772846886446886
2 0.69705445703125 0.12632063736263738 0.6832306850585937 0.14861223443223445 0.6885248940429688 0.18679485787545788 0.7201430942382813 0.17355232747252747 0.7345551020507812 0.12301000512820513 0.7206979721679687 0.10399553553113552 0.712790017578125 0.09122793113553114 0.69705445703125 0.12632063736263738
2 0.7019038427734375 0.3051131684981685 0.7307278725585937 0.29164992234432235 0.7391103696289063 0.2627370695970696 0.7202569536132812 0.24592793772893776 0.6960213837890625 0.2576607626373626 0.6874918344726563 0.2845872454212454 0.7019038427734375 0.3051131684981685
2 0.782787591796875 0.04975738974358974 0.760728388671875 0.05527511721611722 0.74734580078125 0.08683647545787546 0.7735227265625 0.10846594578754579 0.7935230620117187 0.09478199413919414 0.7945525092773438 0.06741410036630037 0.782787591796875 0.04975738974358974
2 0.7485222875976563 0.17512002124542125 0.76602259765625 0.16960229304029303 0.7824934599609376 0.15635976263736262 0.7836699599609375 0.12325343516483517 0.7730815424804688 0.10625886080586079 0.7569047846679687 0.09941687985347984 0.7482616376953125 0.11127412014652015 0.7388162377929688 0.14532432673992673 0.7485222875976563 0.17512002124542125
2 0.6805203930664062 0.4464774029304029 0.6859616674804687 0.47803878168498165 0.6999324916992188 0.4809079831501831 0.7155209995117188 0.45883710183150184 0.7158151181640625 0.43919401098901095 0.7032777353515625 0.4249149531135531 0.691697060546875 0.4268343223443224 0.6805203930664062 0.4464774029304029
2 0.6553729013671875 0.41778525641025643 0.6593435581054687 0.44515315018315016 0.6756673681640625 0.45773355457875453 0.6834616157226563 0.4363248 0.6852263515625 0.412488243956044 0.6759345791015625 0.3954697692307692 0.6616965439453125 0.40520485201465195 0.6553729013671875 0.41778525641025643
2 0.7294918237304687 0.4707553794871795 0.7466980024414063 0.47163821172161174 0.7581688012695312 0.44581527692307693 0.7334875131835937 0.4130045413919414 0.7225799448242187 0.44537386593406597 0.7252270493164062 0.4612649025641025 0.7294918237304687 0.4707553794871795
2 0.8110371181640625 0.41246952087912087 0.7876803950195312 0.38233937948717944 0.7841647275390625 0.37268213553113555 0.7744039013671875 0.3799162036630036 0.7637995434570313 0.40396949304029306 0.7403012578125 0.4184376285714286 0.7403012578125 0.42187381758241754 0.757653837890625 0.44683136043956045 0.7707887807617188 0.46383143150183154 0.7995892392578124 0.4520760564102564 0.8110371181640625 0.41246952087912087
0 0.8565749028320313 0.09038422564102563 0.8650946577148437 0.023894950183150184 0.8390231069335937 0.02640778315018315 0.8171000581054687 0.020485257142857143 0.8171000581054687 0.030288149450549452 0.7952326708984375 0.06694250036630037 0.7867129165039063 0.10615413113553113 0.7784771625976562 0.13684148937728938 0.785576966796875 0.14195604908424908 0.7986405727539062 0.12149781025641027 0.8349915424804687 0.11851430402930403 0.8565749028320313 0.09038422564102563
0 0.8291794443359375 0.11126869084249084 0.8033361806640625 0.12192401684981685 0.78430874609375 0.15048030183150182 0.7794808681640625 0.1901181391941392 0.780048869140625 0.20119971135531137 0.806176107421875 0.1884133120879121 0.8311673955078125 0.20716668424908427 0.8458363549804687 0.11840909377289377 0.8291794443359375 0.11126869084249084
0 0.7153169428710937 0.1866755326007326 0.7195768198242187 0.21182210476190477 0.702253310546875 0.2463453824175824 0.70395726171875 0.25827936776556776 0.726108623046875 0.24719783516483518 0.7510999116210938 0.225460936996337 0.758199689453125 0.2024454183150183 0.7351210732421875 0.17015983076923077 0.7153169428710937 0.1866755326007326
0 0.7535433486328125 0.23336881538461537 0.739378689453125 0.2479139347985348 0.7389313842773437 0.26469676190476193 0.7384840791015626 0.2864025472527473 0.7544721362304687 0.2890882908424909 0.7666389497070313 0.289525652014652 0.7796361547851562 0.27006726593406594 0.7646795786132813 0.2352517391941392 0.7535433486328125 0.23336881538461537
0 0.7775487353515625 0.23952983296703295 0.7681553266601563 0.23841097435897435 0.77098825 0.2525085487179487 0.7706900512695313 0.26705366813186815 0.7833637021484375 0.2728717076923077 0.7850243330078125 0.24196043882783883 0.7864948383789062 0.2417675391941392 0.7775487353515625 0.23952983296703295
0 0.7598634213867187 0.294445978021978 0.7539381518554688 0.3045684 0.7485704897460937 0.31374300512820513 0.7476758793945313 0.32895944835164836 0.7567710888671875 0.3414906183150183 0.7679537182617188 0.34037176996336993 0.7777944321289062 0.3191135098901099 0.773569490234375 0.29555035164835164 0.7598634213867187 0.294445978021978
0 0.7340506625976563 0.29093394725274724 0.7249158178710937 0.3035283413919414 0.720740978515625 0.3221013391941392 0.70105955078125 0.34045056996337 0.7012086435546875 0.34850632673992676 0.7156715151367188 0.33619891355311354 0.728643365234375 0.34470220586080585 0.74549185546875 0.3449259838827839 0.7520523403320313 0.3086750783882784 0.7340506625976563 0.29093394725274724
0 0.9299462934570313 0.2838232717948718 0.9637377329101563 0.2805027076923077 0.9699730639648437 0.24397655750915753 0.9603183671875 0.22918496483516482 0.9456044829101562 0.21599558241758243 0.9160676669921874 0.23673170036630037 0.9176767861328124 0.26903167912087916 0.9299462934570313 0.2838232717948718
0 0.9819436997070312 0.1493761750915751 0.9728924213867187 0.1560172893772894 0.9551921372070312 0.1726200827838828 0.9600194858398438 0.21608922564102565 0.989385849609375 0.21608922564102565 1 0.20371260366300364 1 0.1560172893772894 0.9819436997070312 0.1493761750915751
0 0.987374466796875 0.09805843150183151 0.99964396484375 0.09202104615384615 0.999442837890625 0.05038498241758242 0.9787254609375 0.05642236776556776 0.964605041015625 0.07436160732600733 0.96243316015625 0.11073693186813187 0.9761106411132813 0.10983132454212455 0.987374466796875 0.09805843150183151
0 0.9615098041992187 0.2646516468864469 0.9640246606445313 0.28729740366300366 0.9882588061523437 0.2993065384615385 1 0.2649947750915751 1 0.20838038315018317 0.9993976772460937 0.2110494468864469 0.9615098041992187 0.2646516468864469
0 0.8466219047851562 0.30851804908424907 0.8306476967773437 0.3507579501831502 0.8382544594726562 0.3690238505494505 0.8715340561523437 0.36759683516483516 0.8859869165039063 0.3558952358974359 0.902721806640625 0.35760766446886444 0.9126105903320313 0.32221747765567765 0.8987282548828125 0.28853970622710623 0.8978340703125 0.28093511575091573 0.864307634765625 0.2908229487179487 0.8466219047851562 0.30851804908424907
0 0.9063350087890625 0.4400602512820513 0.91127941796875 0.4086657355311355 0.8863672490234376 0.36271556336996336 0.8624059375 0.3735609494505494 0.8445300498046875 0.3869749648351648 0.8205687294921875 0.4120905926739927 0.8203785634765625 0.4209381494505494 0.8464317294921875 0.426360821978022 0.8574615454101563 0.4454829501831502 0.8916919907226563 0.45975318021978023 0.9063350087890625 0.4400602512820513
0 0.9089973881835938 0.39496630695970697 0.9128007651367187 0.4166570776556776 0.9278241333007813 0.4163716644688644 0.9432278334960937 0.41094896483516485 0.9727040444335937 0.4135176080586081 0.9700416821289063 0.37384634945054945 0.9586315336914063 0.3592907062271062 0.9239705434570312 0.3834734388278388 0.9089973881835938 0.39496630695970697
0 0.8397063139648437 0.4873975025641026 0.8555890141601562 0.5047214227106227 0.8825809311523437 0.47984270769230764 0.8761584130859374 0.46017420293040295 0.8585399013671875 0.44910252967032965 0.8464759892578125 0.4415477347985348 0.8434383168945313 0.4477999750915751 0.8425704072265625 0.4599136915750916 0.8442437739257812 0.46925938241758236 0.8397063139648437 0.4873975025641026
0 0.92163360546875 0.48728821538461536 0.913780189453125 0.48235201538461536 0.8946307998046875 0.507259410989011 0.8678216538085938 0.4892494461538462 0.8568426625976563 0.5049602673992674 0.8828858325195312 0.5379146476190476 0.917354734375 0.5632052278388279 0.9433979047851563 0.5478776095238095 0.9436532377929687 0.5164559853479853 0.92163360546875 0.48728821538461536
0 0.97228159765625 0.6700938183150182 0.957956037109375 0.6830205208791208 0.9578680209960938 0.6817561963369964 0.950723896484375 0.7007545853479853 0.95836935546875 0.7116645553113553 0.9627561059570312 0.7276532842490843 0.9761670024414062 0.7396918710622711 0.9836871333007813 0.7419491047619048 0.995844681640625 0.7257722673992674 0.9915832822265624 0.6943590835164836 0.97228159765625 0.6700938183150182
0 0.9091153178710938 0.6606145545787546 0.8945764018554687 0.6574168036630036 0.888058951171875 0.6587335289377289 0.89332304296875 0.6713364249084249 0.8939497280273437 0.6905229128205128 0.912374048828125 0.695789780952381 0.930923697265625 0.6747222754578754 0.9128521689453125 0.6483384549450549 0.9091153178710938 0.6606145545787546
0 0.9232782387695313 0.6728412417582418 0.9220248793945313 0.6899586043956044 0.9375664873046875 0.6997399406593406 0.9519800634765625 0.6884537706959707 0.9516040571289063 0.6621193802197802 0.9301419853515625 0.6483384549450549 0.9236542451171875 0.655535778021978 0.9232782387695313 0.6728412417582418
0 0.9504641953125 0.6272317003663004 0.9368026323242188 0.6392702871794872 0.9345465927734375 0.6494278395604396 0.9414400385742188 0.6569519501831502 0.9607417114257812 0.671059671062271 0.9762833193359375 0.6795242981684981 0.9809207255859375 0.6443490637362638 0.9649095502929688 0.6328302146520147 0.9504641953125 0.6272317003663004
0 1 0.6838532652014652 0.9998406118164063 0.6300558498168498 0.9959184594726562 0.6288826622710623 0.9800376044921875 0.6496185472527473 0.9784082387695312 0.6701217523809524 0.99595520703125 0.6832889560439561 1 0.6838532652014652
0 0.9698921948242187 0.6234960937728938 0.9771616469726563 0.6355346805860805 0.9826764169921876 0.6441873992673992 0.9925779150390625 0.636475189010989 1 0.628386761904762 0.99984737890625 0.5843706996336997 0.9985495185546875 0.5854595875457875 0.9810470517578125 0.5997951377289378 0.9698921948242187 0.6234960937728938
0 0.961648845703125 0.576349936996337 0.9572737250976563 0.585889454945055 0.94421848828125 0.6071546732600732 0.9425799116210938 0.6121540989010988 0.956035482421875 0.6100479758241759 0.9664367192382812 0.6131452139194139 0.976755404296875 0.6094285186813186 0.9792318891601562 0.6023667992673992 0.9788191440429688 0.5914644967032967 0.9700688950195312 0.5889866989010989 0.971884986328125 0.5819249787545787 0.961648845703125 0.576349936996337
0 0.97019397265625 0.5781528439560439 0.9719275122070312 0.5818695384615384 0.9720100639648438 0.5902940424908425 0.9767979296875 0.5937629611721612 0.9791918706054688 0.6009485743589743 0.9838146396484375 0.6008246813186813 0.990336052734375 0.5914090512820513 0.9860434760742187 0.5813739758241758 0.97019397265625 0.5781528439560439
0 0.9542629697265625 0.5482007956043956 0.9513343559570312 0.5547936622710623 0.9527986625976562 0.5617246227106227 0.957304220703125 0.56704963003663 0.9629361684570312 0.5695008256410256 0.9647383891601562 0.5776151223443223 0.9704266533203125 0.5743186893772894 0.9760022797851563 0.5786294095238096 0.982760615234375 0.5732198798534799 0.9894152666015625 0.5793247377289378 0.99177173046875 0.574234167032967 0.9839433237304688 0.5649365333333334 0.9801699233398438 0.5652746278388279 0.9802262392578125 0.5616401003663004 0.9768470717773438 0.5586817611721612 0.9749322133789062 0.5613865282051281 0.9717783203125 0.5544555655677657 0.9668222109375 0.5588508102564103 0.9636683178710937 0.5525115157509157 0.9542629697265625 0.5482007956043956
0 0.7494421997070313 0.5174895721611721 0.7392352456054687 0.47721443809523806 0.7325496293945313 0.4725216600732601 0.7220688310546876 0.45734730549450553 0.7098617885742188 0.4682654432234432 0.6953119873046875 0.481404210989011 0.6787893159179688 0.4950981457875458 0.6840913686523438 0.522671065934066 0.6962984111328125 0.5350696315018315 0.7210824072265625 0.5387706886446887 0.7494421997070313 0.5174895721611721
2 0.7211119658203125 0.43096696849816846 0.7296263139648438 0.4198700307692308 0.7376925390625 0.4125841648351648 0.7324447143554688 0.3816393457875458 0.724398203125 0.38119890256410255 0.7219335234375 0.3863550512820513 0.7122988657226562 0.3751460307692308 0.70804169140625 0.3900540285714286 0.70311233203125 0.3838890681318682 0.6936270502929688 0.38949358095238096 0.6915358076171875 0.40944564029304026 0.7051288881835938 0.4231206490842491 0.7211119658203125 0.43096696849816846
0 0.6239666860351563 0.3333722761904762 0.6078905322265625 0.3391273472527473 0.5928467836914062 0.3856105853479853 0.6016960473632812 0.4236825772893773 0.6254415678710937 0.4216904388278388 0.6446149775390625 0.40708141098901096 0.6505144780273437 0.37210830476190476 0.63808757421875 0.3309191743589744 0.6239666860351563 0.3333722761904762
0 0.56444594140625 0.4373120380952381 0.585325953125 0.42859432527472524 0.5960014619140624 0.39655087106227105 0.5900357319335937 0.380293528937729 0.5796348984375 0.36142825934065936 0.5506305849609375 0.382414052014652 0.5404260678710937 0.4191697831501831 0.56444594140625 0.4373120380952381
2 0.5330562338867187 0.4510662791208791 0.527247515625 0.4755700923076923 0.5388649663085937 0.4920630556776557 0.5551921958007813 0.4953616402930403 0.5663386826171874 0.4685016827838828 0.5506806166992188 0.4370103252747253 0.5435747451171875 0.4383431413919414 0.5330562338867187 0.4510662791208791
2 0.5779561328125 0.5082989384615384 0.5719904174804687 0.48073213992673997 0.5591170166015625 0.48002529890109896 0.5551921958007813 0.49015668278388275 0.532554765625 0.4889288468864469 0.533370228515625 0.5271480234432234 0.5597449916992188 0.5309178498168498 0.5779561328125 0.5082989384615384
2 0.5191624736328125 0.5770645333333333 0.542083408203125 0.5794206659340659 0.5508749912109375 0.5659906871794872 0.545972603515625 0.5380218710622711 0.5364316733398438 0.5358321457875458 0.5196334516601563 0.5346540739926741 0.5191624736328125 0.5770645333333333
2 0.5764647958984375 0.569996123076923 0.5874542709960937 0.5688180512820513 0.593890978515625 0.5516182578754579 0.5824597065429687 0.535902747985348 0.5706560634765625 0.5424293245421246 0.5711270415039063 0.5577442161172161 0.5764647958984375 0.569996123076923
2 0.53039791796875 0.587837591941392 0.5290635102539063 0.6022097340659341 0.5384828764648437 0.6197625904761905 0.5461753564453125 0.6143435941391941 0.5515130024414062 0.5969085347985348 0.5445098686523437 0.5829824945054946 0.539503310546875 0.5831254168498168 0.53039791796875 0.587837591941392
2 0.5592320815429688 0.5462250615384615 0.5549901337890625 0.5464304249084249 0.5494482309570312 0.5584442417582417 0.5484219526367188 0.5705607362637363 0.5548532924804688 0.5764136205128205 0.5643634731445313 0.5759002080586081 0.5664844501953125 0.5613193406593407 0.5594373374023438 0.5458143318681319 0.5592320815429688 0.5462250615384615
2 0.6154279897460937 0.6114370322344322 0.6120572084960938 0.6324628915750915 0.6213268686523438 0.6462166578754579 0.6374434311523437 0.6397349919413919 0.6461863994140625 0.6145988109890109 0.634522822265625 0.5939440168498168 0.622380232421875 0.5943634 0.6154279897460937 0.6114370322344322
2 0.6547173940429688 0.6675436725274725 0.6626176694335938 0.6740253245421246 0.6771541767578125 0.6566355113553113 0.6661120766601563 0.6316234021978022 0.65050391015625 0.6308669765567766 0.6487131845703125 0.6517347494505494 0.6547173940429688 0.6675436725274725
2 0.6234409516601562 0.6811887963369964 0.6188061264648438 0.6927293120879121 0.625337017578125 0.7028470175824175 0.6322892602539063 0.7056926227106227 0.6372400961914062 0.6916226827838828 0.6299423803710937 0.6771230366300367 0.6269170727539063 0.6724938937728938 0.6234409516601562 0.6811887963369964
2 0.6258319868164063 0.7702186219780219 0.621992955078125 0.7430000996336996 0.61272635546875 0.7201524402930403 0.5899569721679687 0.7275034241758243 0.588500794921875 0.7342583824175825 0.5871769897460938 0.7759801999999999 0.6100787451171875 0.7958477384615384 0.6258319868164063 0.7702186219780219
2 0.5504511123046875 0.7517386695970696 0.546479708984375 0.7797518901098901 0.5525691982421875 0.8059770322344322 0.5628948471679688 0.7970366432234433 0.588047060546875 0.7747850007326007 0.5723293188476563 0.7371945831501832 0.560644376953125 0.7372353648351648 0.5504511123046875 0.7517386695970696
2 0.5741471484375 0.7918474783882785 0.5673957626953126 0.8017812468864468 0.5696462329101563 0.8222448117216118 0.5861937431640625 0.831781227106227 0.5975784287109375 0.8140991113553113 0.59237738671875 0.7875255355311356 0.584208041015625 0.7840991406593407 0.5741471484375 0.7918474783882785
2 0.6018146000976563 0.7946289355311354 0.6010203193359375 0.810125610989011 0.6063155161132813 0.8307878380952382 0.622333513671875 0.8216487853479854 0.6354391567382812 0.7934368835164834 0.6296945815429688 0.7776975985347985 0.6125373891601562 0.7860858908424908 0.6018146000976563 0.7946289355311354
2 0.5017584633789063 0.7457835238095238 0.516055515625 0.7557172842490842 0.5371039536132812 0.7376378329670329 0.5244918505859375 0.6978828329670329 0.5161878876953125 0.6897570783882784 0.5013613232421875 0.7139954659340659 0.5017584633789063 0.7457835238095238
2 0.5017584633789063 0.7648307846153846 0.49593373046875 0.7815195113553113 0.497389919921875 0.798605583150183 0.5124812524414063 0.8099300761904762 0.525322115234375 0.7984069106227106 0.5244918505859375 0.7648914981684981 0.5142021860351562 0.7610559472527473 0.5017584633789063 0.7648307846153846
2 0.5224097612304688 0.8005923421245422 0.5110250634765625 0.8131088879120879 0.49778706005859374 0.8011883684981685 0.4913004306640625 0.8143009399267399 0.497389919921875 0.8341684776556776 0.5055974829101563 0.8488704454212453 0.520556431640625 0.8363539003663004 0.52826326953125 0.8068835941391941 0.5224097612304688 0.8005923421245422
2 0.5461661015625 0.8048361216117216 0.5459293881835937 0.8036076153846153 0.5394147158203125 0.8501340952380951 0.5349138002929688 0.8678162109890111 0.56456694140625 0.8912598871794871 0.5808496953125 0.8684122366300366 0.5823058725585938 0.8314586175824177 0.5685383447265625 0.8306639194139195 0.563905044921875 0.8205314783882784 0.5590069765625 0.8207301501831502 0.5537117680664062 0.8080149326007326 0.5461661015625 0.8048361216117216
0 0.5267062250976563 0.9201268234432234 0.5492108525390625 0.9260870835164835 0.5660231186523438 0.8996632681318681 0.5556974697265625 0.8805904373626374 0.5357080810546875 0.8690672717948719 0.5276328901367188 0.8529745706959707 0.523102380859375 0.8604905260073259 0.5159834360351563 0.8974778366300366 0.5267062250976563 0.9201268234432234
0 0.11735535546875 0.07448962124542124 0.143577912109375 0.06386627472527473 0.15725225390625 0.032237693040293044 0.15001289892578126 0.01630267326007326 0.1348906865234375 0 0.11301174267578125 0.0013334190476190476 0.10255490185546876 0.011232441025641025 0.09837216845703126 0.03127192747252747 0.11735535546875 0.07448962124542124
2 0.01159871044921875 0.06486359340659341 0.02800791455078125 0.09311202783882784 0.0458649892578125 0.09431921831501831 0.04859985205078125 0.06969237802197802 0.04055612939453125 0.04675562197802198 0.02106665966796875 0.03558883736263736 0.0096682158203125 0.04482410183150183 0.01159871044921875 0.06486359340659341
2 0.0461867333984375 0 0.02685597216796875 0.008082887912087913 0.03042103271484375 0.04216826227106227 0.04361275048828125 0.045548420512820514 0.05101297021484375 0.06872663443223444 0.05294346484375 0.0774184608058608 0.06452643212890626 0.0766941413919414 0.07932690087890625 0.05713752161172161 0.0786833974609375 0.014402710622710624 0.0654916796875 0 0.0461867333984375 0
2 0.08592275244140625 0 0.0787185625 0.0008444805860805862 0.08109651611328125 0.02261165347985348 0.09203598046875 0.03782234945054945 0.10201021240234374 0.025991811721611722 0.1052276982421875 0 0.08592275244140625 0
2 0.0892974990234375 0.05686931428571429 0.08205814404296875 0.0677340967032967 0.07900152294921875 0.08801502417582417 0.08672350146484376 0.11626345860805862 0.1098894365234375 0.13195702637362638 0.1251725283203125 0.10225995384615384 0.1188984208984375 0.07546015677655678 0.099946041015625 0.05585637875457875 0.0892974990234375 0.05686931428571429
2 0.1352897109375 0.11360667472527473 0.16794723974609374 0.1276101575091575 0.1764735859375 0.0906698967032967 0.14746664697265624 0.05875174212454212 0.13673758203125 0.06048995238095239 0.13175046630859374 0.07932224175824176 0.1352897109375 0.11360667472527473
2 0.0056548515625 0.11758732087912088 0.0283381630859375 0.1098612380952381 0.02962516943359375 0.0903046293040293 0.01021169873046875 0.06852359267399268 0.00002424755859375 0.07823265641025641 0.00002424755859375 0.10092797655677654 0.0056548515625 0.11758732087912088
2 0.00485048388671875 0.11372427912087912 0.0014721181640625 0.13062505934065932 0.01804220166015625 0.13666103516483516 0.02950940673828125 0.11593516263736264 0.02576418017578125 0.1098612380952381 0.01498558056640625 0.11831163956043955 0.00485048388671875 0.11372427912087912
2 0.02983155615234375 0.1552392043956044 0.03613704150390625 0.17367937948717949 0.06734669970703125 0.11138794798534797 0.0576942265625 0.08072512087912088 0.04225026953125 0.09666013553113552 0.03404566748046875 0.11187083150183151 0.034490533203125 0.11374465347985348 0.0063383759765625 0.1540417421245421 0.02983155615234375 0.1552392043956044
2 0.07184505810546875 0.1280524043956044 0.0601012109375 0.11573898388278388 0.05398798291015625 0.12394792747252746 0.05607934228515625 0.1567837216117216 0.0670188212890625 0.1782718402930403 0.08744987939453125 0.1782718402930403 0.09629798486328126 0.150264852014652 0.07823611962890625 0.12787853553113554 0.07184505810546875 0.1280524043956044
2 0.1026600341796875 0.20031647472527472 0.1005686748046875 0.1715851684981685 0.08319422314453125 0.1771382717948718 0.064532765625 0.1703779663003663 0.0555237958984375 0.16796357362637362 0.050214935546875 0.17762115457875458 0.0464884677734375 0.1857208805860806 0.067267642578125 0.20949118388278387 0.08432033544921876 0.21552716996336999 0.1026600341796875 0.20031647472527472
2 0 0.23443242637362638 0.026209037109375 0.2582850183150183 0.03371068408203125 0.2472174153846154 0.03053201953125 0.2193575978021978 0.0229032333984375 0.2039011252747253 0.01855641552734375 0.20232707545787548 0 0.20084799780219778 0 0.23443242637362638
2 0.0590701767578125 0.2163921289377289 0.05573280322265625 0.2129106315018315 0.04063393994140625 0.22688727032967032 0.0391081826171875 0.24616015018315018 0.04953419384765625 0.2717301282051282 0.06224882958984375 0.272875052014652 0.075853505859375 0.2700127421245421 0.07483632666015624 0.24749590036630037 0.0777607021484375 0.2247882402930403 0.0724205517578125 0.21543803150183152 0.0678432802734375 0.21085833626373623 0.0590701767578125 0.2163921289377289
0 0.0465497529296875 0.1832036945054945 0.04448456298828125 0.1722926608058608 0.03536086279296875 0.17060953186813188 0.024171984375 0.18759257289377287 0.01527173046875 0.19961427326007325 0.0194675625 0.207247095970696 0.029003544921875 0.22384849230769233 0.0370137705078125 0.22384849230769233 0.05443282763671875 0.21984125860805862 0.0555771455078125 0.2015224769230769 0.0465497529296875 0.1832036945054945
0 0.13084817138671875 0.24437525714285716 0.10888626123046875 0.25804809523809524 0.09744308203125 0.3007919142857143 0.107233353515625 0.3360937457875458 0.13228120849609376 0.3360937457875458 0.150971734375 0.31529428937728937 0.15020885546875 0.27464949157509155 0.1391471162109375 0.2849538065934066 0.1413086015625 0.26434517655677653 0.13711276904296876 0.24449982637362636 0.13084817138671875 0.24437525714285716
0 0.1554417822265625 0.23207544908424907 0.1435972373046875 0.24946116630036633 0.1435972373046875 0.26892487252747255 0.1489373876953125 0.2834272388278388 0.15885480908203126 0.30670736043956043 0.16661074560546876 0.30632572454212453 0.18288549658203124 0.2990745282051282 0.18352121337890626 0.265299273992674 0.1728409130859375 0.23247812600732604 0.1554417822265625 0.23207544908424907
0 0.08576063037109374 0.2874053787545787 0.0796576015625 0.28988604395604395 0.07841993212890624 0.29443261538461535 0.06643436474609375 0.31908160293040294 0.06986731884765625 0.34865881465201465 0.09110078076171875 0.36678676996337 0.1064854912109375 0.3595355912087912 0.099746734375 0.3562916285714286 0.1019082197265625 0.3234704805860806 0.0969495087890625 0.2975188754578755 0.090210751953125 0.2856879926739927 0.08843070556640625 0.2952290278388278 0.08576063037109374 0.2874053787545787
2 0.12904519580078125 0.24641860952380953 0.1176020166015625 0.20329314652014652 0.0908120615234375 0.2097641692307692 0.09001123681640626 0.20959022783882786 0.0844167978515625 0.21970372527472526 0.07780517919921875 0.22084864908424912 0.0744993759765625 0.24393794432234434 0.07805946826171875 0.2700803758241758 0.0940799189453125 0.29221556483516486 0.1039973408203125 0.28420109743589744 0.110354669921875 0.25557800073260073 0.12904519580078125 0.24641860952380953
2 0.1353605712890625 0.21366690402930402 0.1742971318359375 0.22601248937728938 0.19038358740234376 0.17416103223443222 0.18691038427734374 0.14508032454212452 0.15821066015625 0.11792003736263736 0.13298415625 0.11517657802197802 0.10918249365234375 0.13502638974358974 0.10830605419921875 0.1758071098901099 0.1353605712890625 0.21366690402930402
2 0.168016296875 0.033471934065934066 0.15791253564453125 0.041622405860805865 0.1556391884765625 0.054701073992673994 0.15854401708984375 0.0717602065934066 0.17559412060546875 0.08862980512820513 0.18835012060546874 0.07972113553113554 0.18872901171875 0.04010604395604396 0.1674702392578125 0.03532698168498168 0.168016296875 0.033471934065934066
2 0.2412354990234375 0 0.2289846796875 0.0010633347985347986 0.22352511181640625 0.0057773347985347985 0.22355390185546875 0.03973070256410256 0.24350884619140625 0.037835246153846154 0.24944480419921874 0.019070200000000002 0.2412354990234375 0
2 0.257949884765625 0.056065396336996344 0.2524405385742188 0.03287353992673993 0.24424369580078126 0.03146186446886447 0.2419593349609375 0.03892359047619048 0.2361812314453125 0.04275528571428572 0.23644997607421875 0.06453546666666667 0.25324678515625 0.07461888717948718 0.257949884765625 0.056065396336996344
0 0.23255312255859376 0.056267071062271065 0.22314691015625 0.05848541684981685 0.223684412109375 0.04557864542124542 0.21884693359375 0.0395285956043956 0.2152542421875 0.043330075457875455 0.21185946044921874 0.06050210622710623 0.1978845263671875 0.05425038095238095 0.19049393017578126 0.0728038717948718 0.19062830859375 0.08853400293040292 0.20729073876953125 0.11898591941391942 0.2114563369140625 0.13431271941391942 0.2247594033203125 0.12987601025641027 0.2344343603515625 0.10849917802197803 0.2367187333984375 0.07764391208791209 0.23255312255859376 0.056267071062271065
0 0.2307686669921875 0.11648736703296704 0.2301293955078125 0.145988326007326 0.24679182568359376 0.16716350183150183 0.27541357373046876 0.14719833626373627 0.28320728125 0.12380479560439561 0.2772948115234375 0.0925462087912088 0.266947986328125 0.08347113333333334 0.25646678271484374 0.07540439340659341 0.2442387080078125 0.08064777362637363 0.23536999755859375 0.11291470549450548 0.2307686669921875 0.11648736703296704
0 0.29729815380859376 0.19234049230769232 0.2936323095703125 0.15397292087912087 0.290310693359375 0.1622919062271062 0.28856382177734374 0.15765353113553113 0.2899075698242187 0.14676344102564104 0.2763357470703125 0.14736844615384614 0.26585454345703124 0.15926688131868133 0.254970216796875 0.173585336996337 0.25819520263671875 0.19294549743589745 0.2733795185546875 0.21008731282051282 0.29729815380859376 0.19234049230769232
0 0.3091767612304688 0.1945324835164835 0.30433928271484373 0.19291914285714287 0.28485500244140627 0.20078420805860805 0.28740810791015625 0.23607617435897438 0.29963618310546875 0.2509996256410256 0.31562673291015625 0.24918461025641028 0.3220767041015625 0.21792601391941394 0.31075862255859377 0.19478380659340658 0.3091767612304688 0.1945324835164835
2 0.3187173525390625 0.18505407692307693 0.3357828935546875 0.22175770915750917 0.35499844140625 0.22316939413919412 0.36117965576171873 0.19896919267399266 0.3528484467773437 0.16367722637362636 0.3410234951171875 0.14189704542124543 0.3270789912109375 0.14248541245421245 0.3109236328125 0.15137546080586078 0.3187173525390625 0.18505407692307693
0 0.38858236083984377 0.23855050183150184 0.375816796875 0.2149553054945055 0.3669480859375 0.21576197582417583 0.3580793754882812 0.219997010989011 0.354682578125 0.22985093772893772 0.35996061279296876 0.2629523684981685 0.382401146484375 0.2809008534798535 0.38858236083984377 0.23855050183150184
2 0.387849330078125 0.27975117655677656 0.39696607373046877 0.2992634249084249 0.40972952685546876 0.2939094564102564 0.42740808642578126 0.26880528864468867 0.4234442924804688 0.2457237326007326 0.409650248046875 0.22609251355311358 0.39545983349609376 0.23929896996336997 0.39236806640625 0.24988793186813188 0.39171471142578124 0.25010310989010986 0.387849330078125 0.27975117655677656
2 0.433107314453125 0.3142783311355311 0.4279543720703125 0.29048291282051286 0.418758349609375 0.2878654190476191 0.40845245751953124 0.2960748380952381 0.40657340234375 0.30289406813186814 0.40068340478515624 0.3359321567765568 0.43025337548828124 0.35342178827838827 0.433107314453125 0.3142783311355311
2 0.45271944873046877 0.3026513274725275 0.4661963862304688 0.27730920293040295 0.46223257763671877 0.24470948424908423 0.446615193359375 0.24304380366300368 0.433675654296875 0.24296919633699635 0.42869879833984376 0.27385886593406594 0.43797409912109375 0.2995579157509157 0.45271944873046877 0.3026513274725275
0 0.2685023251953125 0.020609313553113556 0.27008329296875 0.0351844967032967 0.29492705078125 0.022304100366300365 0.31389864453125 0.028913778754578758 0.32428784765625 0.011626927472527472 0.32372322021484373 0.0009497545787545788 0.2521824404296875 0 0.2538219267578125 0.020439829304029305 0.2685023251953125 0.020609313553113556
0 0.32719373583984374 0.07147290402930402 0.3223589609375 0.10573371721611723 0.328682822265625 0.13386722564102563 0.355672169921875 0.13081660512820512 0.363012376953125 0.10675059120879121 0.36707771826171876 0.0879384293040293 0.35725314306640626 0.0703126175824176 0.3409917763671875 0.06353346300366301 0.33207060693359375 0.06658408424908425 0.3318447578125 0.07132949157509158 0.32719373583984374 0.07147290402930402
0 0.399472279296875 0.05887195091575092 0.39077696875 0.05378758315018315 0.37497717724609375 0.05720221684981685 0.37824216552734374 0.08124316996336997 0.3702244013671875 0.09175086666666667 0.37304755908203124 0.10141116556776557 0.3862599189453125 0.1142915619047619 0.39676205126953124 0.11039354432234431 0.40602199951171875 0.1498821457875458 0.41291048828125 0.14903474065934066 0.40828051904296875 0.10988510695970695 0.42250921484375 0.08293795677655678 0.41866972216796877 0.060905698168498175 0.4105390390625 0.05277070915750915 0.399472279296875 0.05887195091575092
0 0.3849129345703125 0.10595521684981685 0.3714747250976563 0.110531147985348 0.36187599853515623 0.1120564586080586 0.355777986328125 0.11866613699633699 0.3517459658203125 0.1337153032967033 0.362892333984375 0.1727299216117216 0.3800571064453125 0.17035720586080585 0.3930436176757813 0.19289790915750918 0.3966572509765625 0.18950833626373625 0.3902204599609375 0.16798450622710623 0.39789944580078124 0.15171452893772894 0.40490086376953127 0.13341080366300367 0.399593337890625 0.12324206813186814 0.3942858017578125 0.12425894139194138 0.3849129345703125 0.10595521684981685
2 0.44198243505859375 0.16965882271062271 0.43001225927734377 0.14762656410256408 0.4094860375976562 0.14590973260073262 0.4008773110351562 0.15542259194139194 0.39308540673828124 0.16304914432234432 0.39308540673828124 0.17372631721611723 0.39556978515625 0.18626776043956045 0.39150444384765626 0.21575709523809525 0.40336168994140625 0.22779009377289375 0.42357546826171877 0.2327049934065934 0.44164365673828127 0.21135064761904762 0.44198243505859375 0.16965882271062271
0 0.448286939453125 0.10645350256410256 0.42967094189453126 0.088898063003663 0.4171420537109375 0.10718767179487179 0.42089248046875 0.127989126007326 0.43165458935546874 0.1363096901098901 0.448286939453125 0.10645350256410256
0 0.44867132568359375 0.377118273992674 0.4414860205078125 0.3829095047619048 0.42844601416015626 0.40387774212454214 0.44268357177734374 0.42544507326007325 0.475948865234375 0.3990850021978022 0.45825173291015625 0.3777173663003663 0.4591831533203125 0.37931494945054944 0.44867132568359375 0.377118273992674
0 0.44538839453125 0.439543452014652 0.44268357177734374 0.4726341860805861 0.4764811142578125 0.5093785238095239 0.5005651962890625 0.5053845794871795 0.5114762075195313 0.46824084395604393 0.5044239672851563 0.43169620073260073 0.48978723876953123 0.408930684981685 0.4760819306640625 0.4067340095238095 0.46610233984375 0.40234066300366306 0.4485382607421875 0.4275025531135531 0.44538839453125 0.439543452014652
0 0.48797512255859377 0.41119061831501835 0.50846968359375 0.4261623948717949 0.5324207006835937 0.39840445421245424 0.5381423364257812 0.3580655523809524 0.5273898720703125 0.34225517362637364 0.5093979731445313 0.3628638278388278 0.48917267333984377 0.3966127120879121 0.48797512255859377 0.41119061831501835
0 0.46144295556640624 0.5673152190476191 0.48666078662109374 0.5602653172161172 0.489009509765625 0.5237172095238095 0.48752610791015627 0.5088753326007326 0.46750018359375 0.5005267787545787 0.4574872211914062 0.495146597069597 0.45381255029296874 0.5006753194139194 0.44858681005859374 0.5346630857142857 0.46144295556640624 0.5673152190476191
0 0.33749561669921874 0.3668661516483516 0.3585104721679688 0.3920973428571428 0.38311022265625 0.36816481318681316 0.36854892529296873 0.3212998805860806 0.3494864404296875 0.3271641340659341 0.337990076171875 0.3479427626373626 0.33749561669921874 0.3668661516483516
0 0.230088212890625 0.26178616923076925 0.20818393505859376 0.276835484981685 0.19186651513671876 0.31171389084249085 0.19903629443359375 0.3456646857142857 0.219185828125 0.3564250322344322 0.2427966484375 0.34455154505494506 0.2523151396484375 0.31375465128205127 0.24786493408203125 0.2840708989010989 0.23884090234375 0.272568452014652 0.23414346728515625 0.27386711355311355 0.230088212890625 0.26178616923076925
0 0.2478533935546875 0.2754512227106227 0.2478533935546875 0.2960443223443224 0.25663018359375 0.311813819047619 0.265159744140625 0.311813819047619 0.2772742001953125 0.2943746117216117 0.27851036083984376 0.2674737186813187 0.27550036083984375 0.2553898358974359 0.25527040234375 0.2598672556776557 0.2478533935546875 0.2754512227106227
0 0.19913453271484374 0.2271831816849817 0.19846104296875 0.25017800293040293 0.20755308203125 0.27645780732600733 0.23668127734375 0.26382328424908424 0.247749328125 0.2565639846153846 0.2408905595703125 0.2125271428571429 0.220349291015625 0.20848408864468865 0.19913453271484374 0.2271831816849817
0 0.2861823798828125 0.2400703912087912 0.264125771484375 0.22895201025641027 0.26210531787109376 0.2125271428571429 0.2419007861328125 0.22844663736263734 0.249309109375 0.2585167860805861 0.26597784814453124 0.2600329282051282 0.2866874931640625 0.2504307010989011 0.2861823798828125 0.2400703912087912
0 0 0.35198621465201463 0.010094115234375 0.3479713824175824 0.03832182958984375 0.31437363003663005 0.0214262470703125 0.28521331648351644 0.0131192568359375 0.2850020131868132 0.0170615634765625 0.26577311355311356 0.00263189111328125 0.2699992395604396 0 0.2792967340659341 0 0.35198621465201463
0 0.028341322265625 0.36849550915750917 0.02542272900390625 0.40382918388278394 0.05733267578125 0.44003891428571423 0.0760116728515625 0.4096694659340659 0.0723147998046875 0.3944847487179487 0.0828217353515625 0.3760878747252748 0.078151986328125 0.3524347501831502 0.06414273876953125 0.35447884322344325 0.0529039755859375 0.34245211062271064 0.028341322265625 0.36849550915750917
0 0.11588180078125 0.3934519252747253 0.09945647216796875 0.40140366593406596 0.0900238740234375 0.42397181831501835 0.08605945263671876 0.43997469450549453 0.10068681103515625 0.4627480183150183 0.121462328125 0.4729843472527473 0.144702072265625 0.45821246153846157 0.1445653759765625 0.42928417655677653 0.139370603515625 0.4056901956043956 0.12405971435546875 0.3976887575091575 0.11588180078125 0.3934519252747253
0 0.1419142109375 0.5093962000000001 0.14188125439453125 0.510445049084249 0.1369598984375 0.5180361538461539 0.1369598984375 0.5430662967032966 0.13819023779296874 0.5635828007326007 0.153637822265625 0.574661715018315 0.17140938916015624 0.5644034673992674 0.18384948681640625 0.5295254014652014 0.16908541943359376 0.5116760395604396 0.1419142109375 0.5093962000000001
0 0.18890184912109376 0.5750456424908426 0.17823891162109376 0.5619150805860806 0.1580066796875 0.576071471062271 0.1383212568359375 0.5666338717948718 0.1343568232421875 0.5887916996336996 0.14160216064453124 0.6039739186813187 0.15349543701171875 0.6164889853479854 0.18250017333984375 0.5915105802197802 0.18890184912109376 0.5750456424908426
0 0.2237503818359375 0.4661805787545788 0.20283461962890625 0.4479208835164835 0.18250017333984375 0.4595739919413919 0.17399001513671875 0.4932623692307692 0.19367543798828124 0.500853473992674 0.2221099296875 0.4864919216117216 0.2237503818359375 0.4661805787545788
0 0.3536499619140625 0.5714011567765568 0.32970611474609374 0.5585672967032966 0.30982417578125 0.5791014666666667 0.3031968754882812 0.6188863970695971 0.3070449931640625 0.6458374827838828 0.340822904296875 0.6721468703296702 0.372462986328125 0.632682780952381 0.37259315673828125 0.5912499904761905 0.3536499619140625 0.5714011567765568
0 0.19750157763671874 0.6498236065934067 0.1938672509765625 0.6937795333333333 0.2056253740234375 0.7207306183150183 0.232348423828125 0.719126397069597 0.236196541015625 0.6876834593406593 0.24453412841796876 0.6655450681318681 0.24154113525390625 0.6450109128205128 0.226148666015625 0.6434066761904762 0.21487950341796874 0.6446356322344322 0.19750157763671874 0.6498236065934067
0 0.18891445068359375 0.6835927223443223 0.1671538203125 0.6956823750915752 0.16480219970703125 0.7438093128205128 0.1876771123046875 0.771722936996337 0.213972580078125 0.7694770329670331 0.221668814453125 0.7357881619047618 0.21268987451171875 0.7210292388278389 0.202000666015625 0.7200667003663004 0.1925941640625 0.69696576996337 0.19024252392578125 0.6854153047619048 0.18891445068359375 0.6835927223443223
0 0.27509325244140626 0.6496514256410256 0.26012834521484374 0.6502931230769231 0.25072184326171876 0.6602393516483517 0.2451634580078125 0.6711481194139194 0.23597072705078126 0.6926448278388279 0.23981884423828126 0.7192750571428572 0.26718322705078124 0.7122164446886446 0.2812346376953125 0.6662784600732601 0.27509325244140626 0.6496514256410256
0 0.24698144140625 0.760836641025641 0.2572081176757812 0.7976721663003664 0.2868654619140625 0.7842973597069598 0.31621610498046876 0.7457448219780219 0.34384277783203127 0.7140770432234432 0.3410148447265625 0.6977534380952382 0.32252456982421873 0.6797974835164835 0.28967710986328127 0.6850210307692308 0.258783830078125 0.7215433985347985 0.24698144140625 0.760836641025641
0 0.2912088754882812 0.7793536402930402 0.2719616508789062 0.7998117326007326 0.27042802587890624 0.835802610989011 0.278936869140625 0.8662739882783882 0.32890147998046876 0.8932428476190477 0.34351100244140625 0.8610117721611721 0.36250338427734374 0.8607925164835164 0.35519863671875 0.8241762564102565 0.32773270849609376 0.7945762886446887 0.31706774609375 0.7654148424908425 0.30143555224609375 0.7607166168498168 0.2912088754882812 0.7793536402930402
0 0.32679123486328127 0.7996224776556776 0.3530883916015625 0.8254950388278388 0.37339563134765624 0.8042269274725274 0.38157697802734375 0.7665143692307693 0.3812847783203125 0.7340640278388278 0.36755182763671873 0.7136729384615385 0.33961726806640624 0.7271308131868132 0.3247458916015625 0.7544551164835165 0.32679123486328127 0.7996224776556776
0 0 0.4303382102564102 0.01857264794921875 0.44033929890109885 0.04032827734375 0.43611102344322344 0.02649724072265625 0.40547062271062273 0.0246961904296875 0.3924962315018315 0.01821242822265625 0.383576336996337 0 0.3946586278388278 0 0.4303382102564102
0 0.026151623046875 0.47142377435897437 0.0414604951171875 0.4800733728937729 0.05622906982421875 0.46466628278388283 0.05965106103515625 0.45628699267399264 0.05437116162109375 0.4413783904761905 0.034616529296875 0.4376363047619048 0.02254952197265625 0.45844938315018313 0.026151623046875 0.47142377435897437
0 0 0.499805254945055 0.00453908251953125 0.4952101663003663 0.01966786083984375 0.4830466747252747 0.0229097421875 0.4652068864468864 0.0216490048828125 0.4579087912087912 0.019263951171875 0.4575856754578755 0.007600853515625 0.46061178534798536 0 0.4614226849816849 0 0.499805254945055
0 0 0.4614226849816849 0.00958199755859375 0.459260282051282 0.0222345615234375 0.4421887553113554 0.01516524267578125 0.43601450622710625 0.00850137060546875 0.43547390256410257 0 0.42979760586080584 0 0.4614226849816849
0 0 0.5003014358974359 0.0006301240234375 0.5365961897435897 0.02308699951171875 0.5424682080586081 0.04614038671875 0.5284126212454212 0.06901364794921876 0.5094916256410256 0.06559167333984375 0.5032747384615385 0.05172361572265625 0.48894884395604393 0.040737251953125 0.4962469391941392 0.0270493037109375 0.4775962512820513 0.01444198291015625 0.48597554139194143 0.0025550859375 0.4930033413919414 0 0.5003014358974359
0 0.3835497119140625 0.5710874996336996 0.39595353271484374 0.6133669553113553 0.438631068359375 0.5849703091575091 0.43947201171875 0.543637408058608 0.420340693359375 0.5183959472527472 0.408988046875 0.5190269816849816 0.402050318359375 0.54048223003663 0.38460088623046873 0.5417442981684981 0.3835497119140625 0.5710874996336996
0 0.4321268271484375 0.5868184366300366 0.42771190869140624 0.6253116732600733 0.4279221303710937 0.6735859714285715 0.46408241845703124 0.6877842945054945 0.482162552734375 0.6331996256410256 0.45845394091796876 0.5861613641025641 0.44326923291015624 0.5773528879120879 0.4321268271484375 0.5868184366300366
0 0.5040095654296874 0.6313309289377289 0.49683098291015626 0.6760575904761905 0.47768808984375 0.6825870351648352 0.476382892578125 0.6985841582417582 0.4615906689453125 0.7064194864468865 0.44936601806640625 0.6877842945054945 0.419512775390625 0.6710618205128205 0.42031074072265623 0.6812273413919414 0.40206332421875 0.7205981868131869 0.4050066157226562 0.7587759098901099 0.4365417451171875 0.7603534915750915 0.4468432080078125 0.7335344564102564 0.47375319775390623 0.7240689076923077 0.5409901352539063 0.6760575904761905 0.5479511982421875 0.6283926813186813 0.5266329702148438 0.6466751106227107 0.5272855688476562 0.6244750175824176 0.5040095654296874 0.6313309289377289
0 0.47375319775390623 0.5675718183150184 0.463872177734375 0.577037367032967 0.463872177734375 0.5991236498168497 0.474383900390625 0.6133219728937729 0.4842649013671875 0.6319375567765568 0.5059190297851562 0.6237340769230769 0.5105441694335937 0.5972305406593407 0.4871401494140625 0.5677157267399268 0.47375319775390623 0.5675718183150184
0 0.846366478515625 0.8322941750915751 0.8228202421875 0.8379735047619048 0.81840532421875 0.8641615274725274 0.8242918876953125 0.8925581736263736 0.845315294921875 0.9054944139194139 0.8617135620117188 0.9023392358974358 0.864656853515625 0.8786753641025641 0.8575389951171875 0.8425084271062271 0.846366478515625 0.8322941750915751
0 0.9583617084960937 0.9539199164835165 0.9404452900390625 0.9210206271062271 0.9304005541992187 0.9271008666666666 0.9186274453125 0.9271008666666666 0.9091669067382813 0.9491871421245421 0.9020189375 0.9577061501831501 0.9070645581054687 0.9867338234432235 0.9243037685546875 0.9927286805860805 0.947219302734375 0.9977769538461538 0.9531058471679688 0.9902045150183151 0.9583617084960937 0.9539199164835165
0 0.9552081958007812 0.9223680923076922 0.9625663862304688 0.9583371772893773 0.9795953559570313 0.9747441377289378 0.9999880795898437 0.9570750945054946 1 0.9267853384615385 0.9820560537109375 0.9096694652014653 0.9657198989257813 0.9119559882783882 0.9552081958007812 0.9223680923076922
0 0.8915223681640625 0.8630612695970696 0.9019868564453125 0.8713592952380952 0.9367227138671875 0.8933510256410256 0.9535414624023437 0.8977682864468866 0.9583768427734375 0.8469698366300366 0.954592626953125 0.818888704029304 0.9320975747070313 0.8233059648351649 0.9243189028320312 0.8050059018315018 0.9110741484375 0.8040593465201464 0.8990907993164062 0.8182576769230768 0.8900507221679688 0.8340335816849817 0.8915223681640625 0.8630612695970696
0 0.9121253129882813 0.9438339472527472 0.9125457944335937 0.9226942263736264 0.90497736328125 0.898714841025641 0.8874861357421875 0.8916967934065934 0.8820618291015625 0.9037631289377289 0.876385505859375 0.8936665391941392 0.8715501259765625 0.9018700190476191 0.862510048828125 0.9208011164835165 0.8631407514648437 0.9435184483516483 0.8744933984375 0.9498288043956044 0.8824822915039062 0.9321597750915751 0.8896302602539062 0.9529839824175824 0.9121253129882813 0.9438339472527472
0 0.850288634765625 0.9730467831501832 0.8868066416015625 0.9908461912087912 0.8901703950195312 0.9816961421245421 0.8865964008789062 0.9495132761904762 0.87587445703125 0.9460425846153847 0.8685162666015624 0.9498288043956044 0.8588454868164063 0.9283735553113552 0.8439188657226563 0.9141752322344322 0.83761183984375 0.9185924937728939 0.8434984033203125 0.9435184483516483 0.850288634765625 0.9730467831501832
0 0.802743224609375 0.9297943252747252 0.7894984702148438 0.9294788117216117 0.7793611962890625 0.9465607399267398 0.7768844184570313 0.9733358637362638 0.8000101928710938 0.9815393296703296 0.8153572763671875 0.9670254783882783 0.802743224609375 0.9297943252747252
0 0.9035630219726563 0.7299427421245421 0.8968009306640625 0.7187731897435897 0.8825049921875 0.71277833992674 0.8688397758789063 0.7367577318681319 0.8593792373046875 0.7629457553113552 0.8696807192382813 0.7913424014652014 0.8829254736328125 0.8058562380952381 0.9062614692382812 0.797968284981685 0.9106763876953125 0.7673630014652015 0.9035630219726563 0.7299427421245421
0 0.9700771977539062 0.8406165663003663 0.9591078081054687 0.84228016996337 0.9584771059570313 0.8564784930402931 0.9542724282226562 0.871938884981685 0.9553235927734375 0.907592471062271 0.96961953125 0.9094855802197802 0.979290291015625 0.8883458454212454 0.9935862294921874 0.8867682637362637 0.9942169321289063 0.8602647128205128 0.9700771977539062 0.8406165663003663
0 0.964363669921875 0.7615074923076923 0.9555338334960938 0.7700264864468865 0.9424993198242188 0.7652937120879122 0.9286238627929687 0.7794920351648352 0.9477551616210937 0.8104128183150183 0.9713013979492188 0.8160921472527474 0.9811823989257813 0.7905351655677655 0.9710911577148438 0.767817849084249 0.964363669921875 0.7615074923076923
0 1 0.8460663897435897 0.9996830146484375 0.7996852007326007 0.9858075576171875 0.7921127619047619 0.9744549111328125 0.803786934065934 0.9567952387695312 0.8201938945054945 0.9620511000976563 0.8444887934065933 0.9735447612304687 0.8349409860805861 0.9954783374023437 0.8549008967032967 1 0.8460663897435897
0 0.9256293359375 0.701091873992674 0.917262703125 0.7043162051282051 0.907591923828125 0.7099955347985348 0.9021258408203126 0.7229317750915751 0.9107454365234375 0.7516439487179487 0.9267232421875 0.7570077501831503 0.9445931357421875 0.7532215304029304 0.9521615668945312 0.7330283648351649 0.9448033764648438 0.7156748637362638 0.9256293359375 0.701091873992674
0 0.9497829067382813 0.7287358065934066 0.9537743432617187 0.7353251699633699 0.9469888940429687 0.7500014989010989 0.9538741328125 0.7519483487179487 0.9639525224609375 0.7348758945054945 0.955243 0.7119303450549451 0.9469888940429687 0.7167551347985348 0.9497829067382813 0.7287358065934066
0 0.957666 0.7458082600732601 0.949483548828125 0.750600523076923 0.94589125 0.7553928 0.958364505859375 0.7673734644688645 0.9654493134765625 0.760784101098901 0.9654173627929687 0.7424608871794872 0.9615576567382812 0.7366729948717948 0.957666 0.7458082600732601
2 0.8769424794921875 0.828989654945055 0.8670961381835938 0.8306299728937729 0.8572799580078125 0.8407204417582418 0.8623897509765625 0.8655429868131869 0.867634015625 0.8899619106227106 0.87785361328125 0.8929890498168499 0.88524936328125 0.8841094373626373 0.8915693828125 0.867561076923077 0.8839046879882813 0.8487928109890109 0.8769424794921875 0.828989654945055
2 0.8504220732421875 0.8295414036630037 0.863196560546875 0.8297432095238095 0.86776848828125 0.8091586600732601 0.8646757084960938 0.7938211553113553 0.8454880205078125 0.7821098439560439 0.8388577885742188 0.7907940161172161 0.8353616162109375 0.8027007589743589 0.8416816235351563 0.8210654124542125 0.8504220732421875 0.8295414036630037
2 0.80780346875 0.8088505516483516 0.7973149389648437 0.8100614073260074 0.7957013188476563 0.8256007274725276 0.7975838837890625 0.841745465934066 0.8076690087890624 0.8538540249084249 0.816006041015625 0.8538540249084249 0.8275703134765625 0.8270133897435897 0.8225032236328125 0.8090237201465201 0.80780346875 0.8088505516483516
2 0.7523007211914062 0.8077280117216117 0.7470564565429687 0.8200383809523809 0.74302240625 0.8367885567765568 0.7466530512695313 0.8626201421245421 0.7591586064453125 0.8680689941391942 0.7669577734375 0.8620147142857143 0.7759671435546875 0.8388066468864468 0.7626200419921875 0.8120488615384616 0.7523007211914062 0.8077280117216117
2 0.7445094189453125 0.7994538315018316 0.7309281215820312 0.7879507003663003 0.7217842788085937 0.7988484036630037 0.709009779296875 0.8149931509157509 0.7079340366210938 0.8392102688644689 0.7164055415039062 0.8561622505494505 0.7400719638671875 0.8513188271062271 0.7454817578125 0.8093262344322344 0.7445094189453125 0.7994538315018316
2 0.69746259765625 0.7612467282051282 0.6870232236328125 0.7675028227106226 0.6819134311523437 0.7832439487179487 0.684199388671875 0.8032230703296702 0.6917296235351562 0.815129813919414 0.7096139038085938 0.8084701062271064 0.7152615737304687 0.793334408058608 0.7077775322265625 0.7763521897435898 0.69746259765625 0.7612467282051282
2 0.6447764252929687 0.7927289802197801 0.65459260546875 0.7971687912087911 0.6666456499023438 0.7857301289377289 0.6653500805664062 0.7711353904761904 0.6523066479492188 0.7670992007326006 0.643297265625 0.7757769985347984 0.6447764252929687 0.7927289802197801
2 0.660240275390625 0.7931326021978021 0.6552649555664063 0.7975724036630037 0.65217217578125 0.8100845838827838 0.6555338881835937 0.8264311384615385 0.6676360380859375 0.8274401875457875 0.6726944560546875 0.8008558373626374 0.66602241796875 0.7951506923076923 0.660240275390625 0.7931326021978021
2 0.6527100532226563 0.8112954402930403 0.6416836455078125 0.8082683003663003 0.6339820966796875 0.8129564043956045 0.6330776806640624 0.8373288505494505 0.6509619604492187 0.8419704578754579 0.6553994155273437 0.8268347597069597 0.6527100532226563 0.8112954402930403
2 0.6556582265625 0.7130438791208791 0.6502794892578125 0.7239415816849817 0.646245439453125 0.7473514556776557 0.647455654296875 0.7580473523809523 0.6556582265625 0.7616799201465202 0.6653399467773438 0.7618817260073261 0.6723322919921875 0.7443243157509157 0.6686619189453125 0.7158493567765568 0.6556582265625 0.7130438791208791
2 0.6213075341796875 0.7326317663003663 0.6221143442382813 0.7507946043956043 0.6258794614257812 0.7618941135531135 0.6346198989257813 0.7653248747252748 0.6443016186523437 0.7608850732600733 0.6476633310546875 0.7368697619047619 0.6472599262695312 0.720523208058608 0.636636923828125 0.7124508388278389 0.6281349169921875 0.7170594131868132 0.6213075341796875 0.7326317663003663
2 0.6599619653320312 0.7047033516483516 0.6769049755859375 0.6956219326007327 0.6791909331054687 0.6774590945054946 0.6728960830078125 0.666237032967033 0.6602308979492187 0.6671668197802199 0.65646579296875 0.685127852014652 0.6599619653320312 0.7047033516483516
2 0.5714480703125 0.9107139010989012 0.5891978901367187 0.9274640769230769 0.5978038676757812 0.9169699956043956 0.5991006474609375 0.8752743223443223 0.5805919130859375 0.8731773692307693 0.5722548803710937 0.8854877435897436 0.5714480703125 0.9107139010989012
2 0.3924012890625 0.8940612358974359 0.385408931640625 0.9110132183150182 0.38110594873046877 0.933414052014652 0.379088923828125 0.9562185164835164 0.38124042138671876 0.9743813538461538 0.38094036962890626 0.97601153992674 0.3768029663085937 0.9945622732600733 0.40746174609375 0.9826555296703298 0.41418515869140626 0.9608601245421244 0.421849853515625 0.9475407098901099 0.4248081611328125 0.9281670161172162 0.43529669091796874 0.9223145428571429 0.42427028369140624 0.8867961010989011 0.4191604912109375 0.8738803084249084 0.4086719609375 0.8777146820512821 0.3924012890625 0.8940612358974359
2 0.3944183139648437 0.8647988893772893 0.38110594873046877 0.8585427992673992 0.3712897568359375 0.8769074476190476 0.35703612158203124 0.9003173311355311 0.36133910400390623 0.9204982593406593 0.3548846240234375 0.9584384124542125 0.3581118642578125 0.9735741106227106 0.36954167626953127 0.9877007684981686 0.377109458984375 0.9817593091575092 0.38029913916015623 0.9731704981684981 0.37828211376953125 0.9485497501831501 0.3850055263671875 0.9134349304029304 0.39280469384765626 0.8958775201465201 0.403024291015625 0.8827599208791209 0.4166055888671875 0.8738803084249084 0.4071928012695312 0.862578983882784 0.4020830087890625 0.8633862227106226 0.3944183139648437 0.8647988893772893
2 0.47812962841796874 0.9036693333333333 0.497204205078125 0.8689442622710623 0.4934795844726563 0.8376069985347985 0.4863689448242188 0.8180635406593407 0.47053658203125 0.810845452014652 0.45702343994140626 0.8528797032967033 0.4671814970703125 0.8898068571428571 0.47812962841796874 0.9036693333333333
2 0.46199609228515626 0.7393092051282051 0.4469078525390625 0.7413866688644688 0.4386024013671875 0.7621612886446887 0.44109403662109375 0.7837668996336997 0.4503684609375 0.8057879963369964 0.4660103896484375 0.7926999846153845 0.47514638525390623 0.771302126007326 0.46753305126953126 0.7418021597069597 0.46199609228515626 0.7393092051282051
2 0.4889174853515625 0.7226985582417582 0.47881252880859376 0.7301774227106227 0.47050707763671873 0.7430576915750915 0.47050707763671873 0.7592618974358974 0.4749366474609375 0.7727653963369963 0.48365737060546876 0.7690259641025641 0.4948697294921875 0.7569766857142857 0.49468090673828125 0.7250748161172161 0.4889174853515625 0.7226985582417582
2 0.44323786328125 0.8027605648351648 0.43166568115234377 0.817704663003663 0.42323323583984374 0.8354760234432235 0.4256553203125 0.8560746512820513 0.4380348642578125 0.871422643956044 0.45310561279296874 0.8489391721611721 0.4609998173828125 0.8222821326007326 0.449038568359375 0.8034887289377289 0.44323786328125 0.8027605648351648
0 0.4170574892578125 0.760643293040293 0.40073084765625 0.7598355040293041 0.3986675927734375 0.7711445538461538 0.39463078515625 0.760643293040293 0.38081592919921875 0.766432449084249 0.37713795166015623 0.7817804417582417 0.37220407275390627 0.8021097985347986 0.3699613994140625 0.8219006307692307 0.3755962138671875 0.8315408725274724 0.389338076171875 0.8634793758241758 0.41328980224609374 0.8624023282051283 0.4212737163085937 0.8474582300366299 0.4250414033203125 0.8232245575091575 0.4315899970703125 0.8162237142857143 0.4293473315429687 0.7987216197802197 0.4388562509765625 0.783665284981685 0.43203853662109376 0.7680480271062271 0.4211840068359375 0.7734332857142857 0.4170574892578125 0.760643293040293
0 0.5528963579101562 0.709340767032967 0.5809534614257813 0.7239256505494506 0.6068161455078125 0.7152217699633701 0.6246849091796876 0.6759367172161173 0.6199826025390625 0.6484136586080587 0.6021138393554688 0.6241839611721612 0.5905148076171876 0.6201848805860806 0.5674735073242188 0.6194791611721612 0.5622633002929688 0.6330826981684982 0.5528963579101562 0.709340767032967
0 0.6459323051757813 0.6598421860805861 0.6408816655273437 0.6615968578754579 0.630457626953125 0.6621183355311355 0.6308050947265625 0.6735908505494506 0.6348588837890625 0.6861063208791208 0.6394917934570312 0.7097466512820513 0.6516531826171875 0.7099204747252746 0.6586025419921875 0.6895828351648352 0.6557069614257812 0.6728955406593407 0.6459323051757813 0.6598421860805861
0 0.4944312563476562 0.22226044542124543 0.4986097690429688 0.2574750637362637 0.5098596293945312 0.28762455531135533 0.527859388671875 0.30499066666666663 0.5403949418945313 0.2861773794871795 0.54521630859375 0.23528502857142858 0.5256094223632812 0.21623054358974358 0.5022783671875 0.2188614102564103 0.4944312563476562 0.22226044542124543
0 0.49958073095703126 0.3641873355311355 0.5190269145507812 0.34971557655677654 0.529749853515625 0.3164813128205128 0.5269018037109375 0.3058179018315018 0.5185447778320312 0.29158733479853477 0.5068127807617188 0.2831454827838828 0.501027140625 0.2932757142857143 0.49395580810546874 0.28193949890109893 0.48495591357421874 0.28917537875457877 0.4748310439453125 0.30919464981684985 0.484634494140625 0.34199731208791206 0.49958073095703126 0.3641873355311355
2 0.4546939365234375 0.35815408571428575 0.4744615400390625 0.36900790549450546 0.4775150625 0.33982319413919415 0.462890259765625 0.31498001025641026 0.45244395556640626 0.32679861025641027 0.4503547065429688 0.35115940952380953 0.4546939365234375 0.35815408571428575
2 0.4378191533203125 0.36635475677655677 0.45083684326171874 0.3576717010989011 0.4500332724609375 0.34078797435897434 0.4485868623046875 0.3289693743589744 0.44323876953125 0.32443552747252746 0.43155137646484376 0.3321049186813187 0.4312299423828125 0.3538125575091575 0.4378191533203125 0.36635475677655677
2 0.3515392861328125 0.42164022564102566 0.35603921826171875 0.4542016842490843 0.36825335205078125 0.46577909157509156 0.3939673125 0.44744818901098904 0.39718155224609375 0.4047564989010989 0.3772108115234375 0.3819228029304029 0.3606998828125 0.39945019047619046 0.3515392861328125 0.42164022564102566
2 0.38030713037109376 0.5255355142857143 0.38347623828125 0.47339626739926743 0.3819142578125 0.46740728424908423 0.36712872314453127 0.46523652014652017 0.3578074243164063 0.4543827003663004 0.34816469091796876 0.45510628864468866 0.3292006440429687 0.48236143956043953 0.32839708740234375 0.5011747267399268 0.3341827275390625 0.5279474820512821 0.35523602392578124 0.5361481531135531 0.38030713037109376 0.5255355142857143
2 0.4079496376953125 0.49635080293040296 0.4232172939453125 0.5173348542124542 0.4421813408203125 0.5052750512820512 0.43890116650390626 0.4712269362637363 0.42932435302734373 0.46596010842490837 0.411163876953125 0.47319598827838827 0.4079496376953125 0.49635080293040296
2 0.2674307509765625 0.4248655670329671 0.2683950244140625 0.45019114578754577 0.27900203125 0.47117519706959704 0.30037674658203123 0.47575791721611715 0.31146589013671877 0.44030210695970695 0.30343028369140623 0.41666489597069595 0.2852698076171875 0.4118409831501832 0.2674307509765625 0.4248655670329671
2 0.32111910791015624 0.5223875531135531 0.33027970458984374 0.5040566615384615 0.32722618212890625 0.48620815457875455 0.3204762690429688 0.4792134666666667 0.3066042724609375 0.47773492967032966 0.3003872314453125 0.499956326007326 0.3082621352539063 0.5206991846153846 0.32111910791015624 0.5223875531135531
2 0.2083262431640625 0.5879685098901098 0.22504032421875 0.5877273062271062 0.2292188369140625 0.5614369465201465 0.2297009736328125 0.5406940879120878 0.22250296826171875 0.5363068710622712 0.19691568017578126 0.5377997362637362 0.1914514599609375 0.5669844586080587 0.2083262431640625 0.5879685098901098
2 0.1935534765625 0.630848232967033 0.2071044990234375 0.6246803648351649 0.21254712744140625 0.6063434498168498 0.212880349609375 0.5931742153846155 0.20066221484375 0.5821720681318681 0.1912209228515625 0.5825054688644689 0.1814268359375 0.5980551457875458 0.17955815478515624 0.6203461831501832 0.1935534765625 0.630848232967033
2 0.2855006201171875 0.5302890043956043 0.28168903662109374 0.5325855992673992 0.27006133349609374 0.5399575553113553 0.2645076376953125 0.5659626388278388 0.28094659033203123 0.5846329391941392 0.29160969287109373 0.5954683978021977 0.3043831938476563 0.5844662505494506 0.3107144111328125 0.5732973985347984 0.313269119140625 0.5567941772893773 0.30649361328125 0.5341230805860806 0.29660802197265623 0.528288613919414 0.2855006201171875 0.5302890043956043
2 0.2559554443359375 0.4318955347985348 0.24929100537109375 0.4402304974358974 0.2376282373046875 0.44856546007326004 0.23851682568359375 0.46356838827838825 0.24307085546875 0.4802383062271063 0.26284202783203126 0.4814051978021978 0.26939538916015626 0.4625681934065934 0.26303560400390624 0.43762976849816854 0.2559554443359375 0.4318955347985348
2 0.236309716796875 0.4153362007326007 0.2303117216796875 0.4288388358974359 0.2341993076171875 0.4451753523809524 0.24819462939453124 0.44017437655677655 0.2569694775390625 0.42950563003663 0.24971172314453124 0.41613976410256415 0.24297415576171874 0.41566959340659343 0.236309716796875 0.4153362007326007
2 0.2625801435546875 0.4004237135531135 0.2550271162109375 0.3864209802197802 0.24471526806640626 0.3669126622710623 0.24092071728515624 0.3602837128205128 0.2330344677734375 0.36725057435897435 0.227813994140625 0.38358709890109893 0.22481499658203125 0.3950893435897436 0.228036138671875 0.4074250798534798 0.23403413330078124 0.41992752014652013 0.24236468212890624 0.4127594571428571 0.2599143681640625 0.4139263487179487 0.2625801435546875 0.4004237135531135
2 0.2709045703125 0.3861220915750916 0.27723578759765627 0.37411974871794873 0.275347533203125 0.3564496285714286 0.26013040087890626 0.34728117509157513 0.2567067607421875 0.3499253641025641 0.25091125341796877 0.36645158095238095 0.2556874384765625 0.3861220915750916 0.2709045703125 0.3861220915750916
2 0.2786717568359375 0.34454184908424906 0.2788939013671875 0.3538770065934066 0.2860026396484375 0.3745477054945055 0.298665083984375 0.3745477054945055 0.30588487890625 0.34570874065934065 0.297110041015625 0.3275385304029304 0.2860026396484375 0.33320630036630033 0.2786717568359375 0.34454184908424906
2 0.30337740625 0.3512098146520146 0.302155595703125 0.3688799347985348 0.30515459326171873 0.3785484937728938 0.3163730620117188 0.3862166468864469 0.32437038916015626 0.37088032527472525 0.3149987377929688 0.3534189391941392 0.31270762060546875 0.34887603076923074 0.30337740625 0.3512098146520146
2 0.32948845751953126 0.29594567326007326 0.323869369140625 0.2941297010989011 0.3149834541015625 0.29613009157509157 0.3095408251953125 0.31079961904761905 0.3049867954101563 0.3278029377289377 0.316094197265625 0.3486403406593407 0.3279791201171875 0.34747344102564104 0.33730933447265626 0.3394718791208791 0.3389754443359375 0.31346680366300367 0.32948845751953126 0.29594567326007326
2 0.31231767822265627 0.2714770886446886 0.29143577294921874 0.26214193479853476 0.28055051611328125 0.28031214871794874 0.281328037109375 0.3089844095238095 0.29010288525390626 0.32648782564102563 0.3032096083984375 0.3284882161172161 0.3029874638671875 0.3204866542124542 0.3100962021484375 0.3193197626373626 0.3137616435546875 0.29914916117216117 0.322869703125 0.29081419853479856 0.3205371499023438 0.27631136776556775 0.31231767822265627 0.2714770886446886
2 0.33568706689453126 0.3996823142857143 0.35623576025390624 0.3963483347985348 0.3552360947265625 0.38584628498168494 0.34990454345703126 0.37584433333333334 0.34124077294921873 0.3676760666666667 0.33546492236328124 0.36250839413919417 0.33148703955078124 0.3686618490842491 0.3298001494140625 0.38918026446886445 0.33568706689453126 0.3996823142857143
2 0.3033645380859375 0.3843459926739927 0.301809505859375 0.4016827047619047 0.3102511318359375 0.4161855347985348 0.31969241357421874 0.41268485201465205 0.32258034375 0.40601688644688644 0.31935919140625 0.39384784688644686 0.31014005419921875 0.38467938534798535 0.3033645380859375 0.3843459926739927
2 0.31633295361328123 0.47591919194139193 0.33016875634765624 0.4792056945054945 0.343208248046875 0.4560508153846154 0.33123818310546876 0.4394282197802198 0.3204140229492187 0.4449962373626373 0.31404357958984375 0.4585903912087912 0.31633295361328123 0.47591919194139193
2 0.27147037353515624 0.5180687890109891 0.28431916552734376 0.529996668864469 0.30008213427734376 0.5234363347985348 0.3008769052734375 0.5093216827838828 0.2952129755859375 0.49597163809523814 0.2871008642578125 0.4862611113553113 0.2738546870117187 0.49421302857142857 0.27147037353515624 0.5180687890109891
2 0.2620437216796875 0.49477963736263736 0.25578995849609376 0.4834779362637362 0.24678254443359374 0.4842731347985348 0.2324766640625 0.4954058168498168 0.2262509609375 0.5123036527472528 0.22678081201171876 0.533575032967033 0.23300651513671874 0.552659641025641 0.2438683916015625 0.5532560344322344 0.261220890625 0.5323822446886447 0.2620437216796875 0.49477963736263736
2 0.2067944140625 0.5001769684981685 0.196329923828125 0.4936166344322344 0.1829512802734375 0.5091228783882784 0.18930944921875 0.5270146989010989 0.198051931640625 0.5379485948717949 0.2129850048828125 0.5198116527472527 0.21580181640625 0.4960022102564102 0.2067944140625 0.5001769684981685
2 0.2173913583984375 0.5113096593406593 0.220835375 0.5178699934065935 0.22732599755859376 0.5101168717948718 0.23156478515625 0.49858659047619047 0.23284683349609375 0.48703163296703295 0.2226898369140625 0.48785149890109886 0.2181861298828125 0.4956046205128205 0.2173913583984375 0.5113096593406593
2 0.12785397216796876 0.5690538666666667 0.13912420556640626 0.5622075948717948 0.1368433291015625 0.5412660835164835 0.1368433291015625 0.5227408915750916 0.13213006884765624 0.5191133846153847 0.1208771689453125 0.5229422498168499 0.10947276171875 0.5450919347985348 0.10853357177734375 0.5618048798534798 0.12785397216796876 0.5690538666666667
2 0.1349649609375 0.5185123164835165 0.1491869140625 0.5090483582417582 0.1595179697265625 0.49817487765567764 0.16461640478515624 0.47401158827838824 0.14985776953125 0.469581654945055 0.13831918896484374 0.46837349010989016 0.12862025439453126 0.4767087604395604 0.11819377197265625 0.5042157003663004 0.1349649609375 0.5185123164835165
2 0.09841487451171875 0.5302761706959707 0.108209248046875 0.528665282051282 0.1206870068359375 0.5133618681318681 0.11111770654296875 0.49844136703296704 0.10176911474609375 0.4910108249084249 0.10096409814453125 0.502891112087912 0.09841487451171875 0.5302761706959707
2 0.1345354267578125 0.5693397435897436 0.1225937177734375 0.5672449582417582 0.11286113671875 0.5660329465201465 0.1056892099609375 0.5856325186813186 0.114684271484375 0.6079768996336996 0.13267438037109375 0.5995977567765567 0.1345354267578125 0.5693397435897436
2 0.038949556640625 0.5783097553113553 0.05538880322265625 0.5804045406593407 0.05430318798828125 0.562016980952381 0.06205755712890625 0.5424656468864468 0.05818037255859375 0.5359485391941392 0.0418962177734375 0.541301873992674 0.0410051767578125 0.539865408058608 0.03414186328125 0.5615514688644688 0.038949556640625 0.5783097553113553
2 0 0.811373 0.0332193642578125 0.7890286183150182 0.04888316552734375 0.7673824989010989 0.071215720703125 0.7455036293040292 0.05547757373046875 0.7047609135531135 0.02879695947265625 0.7090277076923077 0 0.7420123194139194 0 0.811373
2 0.042524595703125 0.7776236776556776 0.02313868798828125 0.7957784871794872 0.001581578125 0.8069506776556777 0 0.8451223326007326 0.03213374951171875 0.8206831655677655 0.06356190185546876 0.7854913750915751 0.06439188916015624 0.7576068322344321 0.042524595703125 0.7776236776556776
2 0.0585953623046875 0.8744950673992674 0.06934456005859375 0.8892830468864469 0.071807931640625 0.83987776996337 0.08345288232421876 0.8449191245421246 0.09330632763671876 0.8627319010989011 0.1107737744140625 0.7965221106227106 0.09509785400390625 0.7938333904761905 0.0635220849609375 0.8257619765567765 0.03217026416015625 0.8741589824175824 0.0191816435546875 0.9175146336996337 0.0223168193359375 0.928941698901099 0.00783501123046875 0.9342182073260072 0.00395361962890625 0.98742143003663 0.035529388671875 0.9985124102564104 0.03306601708984375 0.9632229267399267 0.02589989208984375 0.9632229267399267 0.0453828134765625 0.9279334278388278 0.0424715654296875 0.899365756043956 0.0505334638671875 0.9020544681318682 0.04605463818359375 0.8882747758241759 0.0373209150390625 0.8728146109890109 0.0585953623046875 0.8744950673992674
2 0.14234954345703124 0.8355085853479854 0.12062719873046875 0.8183679787545787 0.091962677734375 0.8465995655677655 0.07539098388671875 0.8378612278388278 0.0695685087890625 0.8506326498168499 0.0704642822265625 0.8768476945054945 0.05120528857421875 0.8714702542124542 0.0373209150390625 0.8758394234432235 0.05299683544921875 0.899701841025641 0.04202368896484375 0.9047431963369964 0.043591287109375 0.9265890717948718 0.03687303857421875 0.9423853069597069 0.02388441748046875 0.961542454945055 0.0335139140625 0.9689364520146521 0.0357052900390625 0.9775452424908425 0.0404560908203125 1 0.05792353759765625 1 0.07001638525390624 0.9790191619047619 0.0704642822265625 0.9595259128205128 0.083900779296875 0.9716251648351649 0.1089822275390625 0.9558289296703296 0.1168201982421875 0.9249086153846154 0.13854252197265626 0.9010461978021977 0.141901646484375 0.8600431890109891 0.14234954345703124 0.8355085853479854
2 0.15338868408203124 0.9781719384615385 0.16480970703125 1 0.20937407666015626 1 0.22930489453125 0.9724584131868131 0.2512511669921875 0.9280944908424908 0.2521469404296875 0.8870914666666667 0.23154429736328125 0.8746561304029304 0.214300798828125 0.8790252989010989 0.18765175244140625 0.8864192813186813 0.1737135380859375 0.9150737032967033 0.15338868408203124 0.9781719384615385
0 0.271556669921875 0.8984629846153847 0.2232964326171875 1 0.30305490380859373 1 0.3184826005859375 0.9645478183150183 0.31591129833984377 0.9312642307692307 0.271556669921875 0.8984629846153847
0 0.4843583974609375 0.9311031164835165 0.4773655361328125 0.9423217428571428 0.465188322265625 0.9596925142857142 0.451082041015625 0.9705492461538462 0.45506073583984374 0.999319586080586 0.5023228037109375 1 0.5078688779296875 0.9491976673992674 0.4905217094726563 0.9290845282051283 0.4843583974609375 0.9311031164835165
0 0.42281902978515623 0.9490167245421245 0.4153438989257813 0.962044802930403 0.4050957529296875 1 0.4571804848632812 1 0.451634421875 0.9732634293040292 0.4639322060546875 0.9562545435897436 0.45452801806640625 0.9490167245421245 0.4591095419921875 0.9278460974358975 0.4528400908203125 0.9285698769230768 0.444641560546875 0.9519118505494506 0.4382757236328125 0.9496987040293041 0.42281902978515623 0.9490167245421245
0 0.1836214892578125 0.8138946791208792 0.1582193369140625 0.8250941824175824 0.150782484375 0.8793375882783884 0.15955797119140624 0.9041154358974358 0.173836736328125 0.9132676073260074 0.1879667734375 0.8840252893772894 0.2099798603515625 0.8755427692307692 0.22143262939453126 0.8489791377289376 0.22351494482421874 0.8300051032967033 0.2035841728515625 0.8313444468864469 0.1836214892578125 0.8138946791208792
2 0.18573571630859376 0.8179819553113553 0.1943624609375 0.8324915194139195 0.2086412265625 0.8251251326007326 0.214441974609375 0.8331611912087913 0.23437276025390624 0.819544528937729 0.23734749853515624 0.7867306227106228 0.22956403271484374 0.7730716761904761 0.2017993271484375 0.7719978483516483 0.18573571630859376 0.8179819553113553
0 0 0.8964833706959707 0.01876968701171875 0.8733203794871794 0.03934811474609375 0.8694598813186813 0.044778515625 0.8334285626373625 0.03699870263671875 0.831602641025641 0 0.8462968908424908 0 0.8964833706959707
0 0 0.9331953347985348 0.016768998046875 0.9307988989010989 0.0256291630859375 0.9072069904761905 0.0342035078125 0.8836150424908424 0.03934811474609375 0.8707467142857144 0.01934130126953125 0.8720335472527473 0 0.8981991604395605 0 0.9331953347985348
0 0.10102644482421876 0.6756981611721612 0.0894670693359375 0.7088013597069597 0.10833542236328125 0.7352536564102564 0.1333049306640625 0.7383058439560439 0.163584681640625 0.7160927032967033 0.152512236328125 0.6804838424908425 0.1335308955078125 0.6882838761904762 0.11590536474609375 0.6714968417582418 0.11014317236328125 0.6626794124542125 0.10099145458984375 0.6708185802197802 0.10102644482421876 0.6756981611721612
0 0.0985196513671875 0.6713272783882783 0.08925495654296875 0.6665794249084249 0.07883337939453125 0.6650225538461538 0.0733241884765625 0.6976100036630036 0.0856394560546875 0.7060883142857143 0.099197556640625 0.6930317216117216 0.0985196513671875 0.6713272783882783
0 0.05107544970703125 0.6874424227106227 0.06824905078125 0.6945641948717949 0.07898254345703125 0.6784554300366301 0.07920850830078124 0.6579379384615385 0.0696850927734375 0.6365542673992673 0.0539000576171875 0.6413204754578755 0.04429639990234375 0.6635336161172162 0.05107544970703125 0.6874424227106227
0 0.1291318837890625 0.6139629245421245 0.1293183681640625 0.6118986981684982 0.1103765078125 0.6051454952380952 0.102693587890625 0.5873410652014652 0.08823161767578125 0.600906347985348 0.09399381005859375 0.6260021135531135 0.0933159052734375 0.6399065230769231 0.10551819580078126 0.6409239194139194 0.11952822607421874 0.6397369597069597 0.13048769384765624 0.6327847509157509 0.1333123017578125 0.6202368717948717 0.1291318837890625 0.6139629245421245
0 0.0844239990234375 0.61901576996337 0.07670723193359374 0.6448239399267399 0.08156554443359375 0.6653414234432234 0.102919552734375 0.6694110073260073 0.1174945107421875 0.6560153032967032 0.1193022607421875 0.6416021882783882 0.09941705029296875 0.6409239194139194 0.09365485791015625 0.6385500000000001 0.0945587275390625 0.6260021135531135 0.0922990478515625 0.6165064146520146 0.0844239990234375 0.61901576996337
0 0.165948453125 0.6426001106227106 0.1540526240234375 0.6357917245421245 0.1390582275390625 0.620726095970696 0.12708190185546875 0.626660901098901 0.12041583935546875 0.649382747985348 0.1165743740234375 0.6683741377289377 0.13058441455078126 0.68058289010989 0.143238634765625 0.679226367032967 0.1615420703125 0.680074191941392 0.17261452587890624 0.6697306681318681 0.17476121826171875 0.6529436344322345 0.165948453125 0.6426001106227106
0 0.20391113427734375 0.6448044659340659 0.2004086318359375 0.6258130761904762 0.19430748681640625 0.6320870161172161 0.1847038291015625 0.6222521904761905 0.18319161083984375 0.6276579282051282 0.1769079208984375 0.6637958556776556 0.19057900927734375 0.667187178021978 0.20391113427734375 0.6448044659340659
0 0.17455321630859374 0.6121815545787546 0.16583547607421875 0.6103825648351648 0.15284229296875 0.6205565252747253 0.15724867529296874 0.6332739750915751 0.17080677587890625 0.6483653523809524 0.1800714814453125 0.6317478813186813 0.17455321630859374 0.6121815545787546
0 0.19600224951171874 0.6763353487179488 0.19600224951171874 0.6631092007326007 0.18775441162109374 0.6631092007326007 0.1810883388671875 0.6626005025641026 0.17623001611328126 0.6654831267399267 0.17261452587890624 0.6890527985347985 0.18086236376953124 0.6946484769230769 0.19600224951171874 0.6763353487179488
0 0.23612568115234375 0.6078460146520146 0.22260774462890626 0.604372315018315 0.21625188037109375 0.6010958029304029 0.21384609716796876 0.612712441025641 0.2062103779296875 0.6257419135531135 0.206105775390625 0.6350038212454212 0.21280011376953126 0.6455215904761905 0.2257703818359375 0.636416654945055 0.2312095322265625 0.6430098805860806 0.24208782373046875 0.6302943743589743 0.23612568115234375 0.6078460146520146
0 0.25505492431640625 0.5657883164835165 0.24832944775390625 0.5726045296703297 0.2388420849609375 0.602678989010989 0.238423685546875 0.6164933648351649 0.24783759423828125 0.6400406065934067 0.2593434794921875 0.6477326937728938 0.2710585693359375 0.6496164725274726 0.285074830078125 0.6400406065934067 0.2876898173828125 0.6108420285714286 0.2812046743164062 0.5910623509157509 0.26844359130859374 0.580073643956044 0.25505492431640625 0.5657883164835165
2 0.2160254892578125 0.4599430608058608 0.22272934619140625 0.45819330256410257 0.22923888232421874 0.451777526007326 0.22749005029296876 0.43617550549450546 0.21884304931640625 0.42188581611721615 0.2185515771484375 0.42290650622710624 0.2129164482421875 0.4214483765567765 0.20242345458984376 0.42042767985347984 0.192804876953125 0.42421882490842494 0.1880441728515625 0.43923758241758243 0.19377645361328125 0.4476947523809524 0.198828638671875 0.4495903282051282 0.21019604833984376 0.44827800952380953 0.2160254892578125 0.4599430608058608
2 0.17578105908203126 0.3817623567765568 0.17454446435546875 0.392540136996337 0.1784490185546875 0.41491443956043955 0.19463517724609375 0.4201351025641026 0.22012128173828124 0.4048992747252747 0.22068921484375 0.38763910183150185 0.2150808505859375 0.3678481633699634 0.20429008056640624 0.3632667567765568 0.19200848046875 0.3607096937728938 0.18079175244140624 0.3721099326007326 0.17578105908203126 0.3817623567765568
2 0.0870034921875 0.42604600659340663 0.0938797626953125 0.4119553985347985 0.098640263671875 0.39627712234432233 0.0863423037109375 0.3792096256410256 0.0833436142578125 0.38654174212454206 0.07470553271484374 0.3978647897435897 0.0748377607421875 0.41513074285714285 0.0870034921875 0.42604600659340663
2 0.0696805517578125 0.4498611142857143 0.0657134677734375 0.47466851135531135 0.0761601259765625 0.4976897941391942 0.0901771591796875 0.5006666827838828 0.1044586611328125 0.4903467970695971 0.111334931640625 0.4653409340659341 0.09559883642578125 0.45502104761904766 0.08792913720703124 0.44132736117216115 0.08354189404296875 0.440090367032967 0.0696805517578125 0.4498611142857143
2 0.0539490673828125 0.5633939428571428 0.0539490673828125 0.5802629743589743 0.0695529345703125 0.5941551267399268 0.08952058154296876 0.5685538857142857 0.0963968642578125 0.5473187457875458 0.0848923212890625 0.5278697377289377 0.0811625361328125 0.5189258424908425 0.05831285986328125 0.5506925553113553 0.0539490673828125 0.5633939428571428
0 0.03670853955078125 0.632656210989011 0.04966767626953125 0.6094364813186813 0.05641171875 0.5933612835164834 0.04834532275390625 0.5834383282051282 0.03377365869140625 0.5831841926739927 0.02414611181640625 0.6022919487179488 0.02216256982421875 0.6231301677655677 0.03670853955078125 0.632656210989011
0 0.0331375693359375 0.6540387223443224 0.0472868310546875 0.6651524424908425 0.05323745654296875 0.6459019003663004 0.06289069775390625 0.6353835582417582 0.05839466552734375 0.6252621369963369 0.05297298828125 0.6254605934065933 0.052808521484375 0.6242381391941392 0.03036061083984375 0.6357804791208792 0.0331375693359375 0.6540387223443224
0 0 0.6417342564102564 0.00604537158203125 0.6498710783882784 0.0272304248046875 0.6468475582417582 0.03341825 0.632009747985348 0.0213847705078125 0.6183160608058609 0.02693868798828125 0.6008516520146521 0.0123927060546875 0.5905317706959707 0 0.6095838608058608 0 0.6417342564102564
0 0 0.7080157304029304 0.0017378095703125 0.712153482051282 0.01000892626953125 0.7126402798534798 0.0241184775390625 0.7048515736263736 0.04033635791015625 0.6885439816849817 0.04439081689453125 0.669072221978022 0.03388264599609375 0.6561299289377289 0.03028126513671875 0.6459495076923077 0.021037076171875 0.6508174505494505 0.00627881982421875 0.6520344388278388 0 0.6454627208791208 0 0.7080157304029304
0 0.373064234375 1 0.3702251748046875 0.9855604212454212 0.3523558681640625 0.9642562659340659 0.3607060087890625 0.9351823787545787 0.3556663046875 0.9254925641025641 0.3219613349609375 0.938941934065934 0.32296335986328123 0.9995960864468865 0.373064234375 1
0 0.5667833916015625 1 0.5793005346679687 0.9614241706959706 0.5691178481445313 0.9142278637362637 0.5572465209960937 0.9101363362637364 0.5494978134765625 0.9229582879120879 0.5359872529296875 0.9232564681318681 0.5244635278320312 0.9098381421245421 0.5075753315429687 0.9205728029304029 0.5038003139648437 0.9414457641025641 0.5049924228515625 0.9691769721611722 0.50638322265625 0.9957154307692307 0.5667833916015625 1
0 0.5866741704101562 0.9546520996336997 0.5916837670898437 1 0.645539037109375 1 0.6319470004882812 0.9814444893772895 0.6241251596679688 0.9618153948717948 0.6223299877929688 0.9416089736263736 0.6107895727539062 0.940454320879121 0.5968128442382813 0.9356432630036631 0.5865546953125 0.9327566307692307 0.585657109375 0.9464200234432234 0.5866741704101562 0.9546520996336997
2 0.6405381904296875 0.9414165260073261 0.6320752197265626 0.9541177047619047 0.6265614736328124 0.9675886578754579 0.6304082783203125 0.987217753113553 0.6407946518554688 0.990489263003663 0.6520453369140625 0.9670564227106228 0.6470777592773438 0.9483444417582417 0.6405381904296875 0.9414165260073261
2 0.633659029296875 0.9448695655677656 0.6446219174804687 0.9265655487179487 0.6465404194335937 0.902708638095238 0.6399626840820313 0.8753554424908425 0.6231072373046875 0.8718591714285714 0.6150221088867187 0.8698025391941392 0.6066370556640625 0.8759574996336996 0.6044703295898437 0.9438412468864469 0.633659029296875 0.9448695655677656
2 0.695786654296875 0.8900621912087913 0.6824941435546875 0.9024019758241758 0.670434970703125 0.9180323663003663 0.6789312075195313 0.9361307142857143 0.6959236943359375 0.9616329421245421 0.7099013818359375 0.9532007531135531 0.710312490234375 0.9242022586080586 0.7025948881835937 0.8953798329670329 0.695786654296875 0.8900621912087913
2 0.7469162509765624 0.9786875846153846 0.7495427348632813 0.9570076402930403 0.7465580947265625 0.9467947765567767 0.7341420083007812 0.9399861978021977 0.7208902202148437 0.9358652146520147 0.7158760302734375 0.944286350915751 0.7175360541992187 0.9562421018315018 0.7298441313476562 0.9910505245421245 0.7469162509765624 0.9786875846153846
2 0.74913140234375 0.9521699677655677 0.750086482421875 0.9722373465201466 0.757965923828125 0.9880045721611721 0.7744411201171875 0.9788667465201466 0.7781420732421875 0.9568284615384616 0.7690912436523437 0.9347555267399267 0.75820469140625 0.9399861978021977 0.74913140234375 0.9521699677655677
0 0.6551996015625 0.974029073992674 0.6517374262695312 0.996067358974359 0.6537669760742187 1 0.7271890444335938 1 0.7141760239257813 0.977254189010989 0.701998705078125 0.961845312087912 0.6843296616210938 0.9566492915750916 0.6734655795898438 0.9360443934065934 0.6651085927734375 0.9367610827838827 0.670242171875 0.9458989084249084 0.665801853515625 0.948184635897436 0.6551996015625 0.974029073992674
0 0.6524578110351562 0.9651630945054944 0.6704814702148437 0.9489758073260074 0.668920357421875 0.9370483435897436 0.676158203125 0.9300196556776558 0.6679269365234375 0.9123414278388279 0.6615406020507812 0.9099985384615384 0.6586807260742188 0.917064057875458 0.6462133994140625 0.9330015164835166 0.6524578110351562 0.9651630945054944
2 0.657580287109375 0.8710339216117217 0.6503424418945313 0.8933979282051283 0.6577222099609376 0.9117151084249084 0.675036267578125 0.9136320227106228 0.6819902807617187 0.8887121296703298 0.6765557573242188 0.8579981934065933 0.6609863325195312 0.8531427157509158 0.657580287109375 0.8710339216117217
2 0.6464817236328125 0.8405012842490843 0.637406802734375 0.8444908630036629 0.6356651567382813 0.8553590183150183 0.6424484282226562 0.8808097684981684 0.64703171875 0.8863126307692308 0.6553733149414063 0.881772767032967 0.6595899477539062 0.8689786073260073 0.6544321489257813 0.8451632805860806 0.6464817236328125 0.8405012842490843
0 0.7755908818359375 0.8680182534798535 0.7706424428710937 0.8654122131868133 0.7695751694335937 0.8661757377289377 0.7649099296875 0.8615694351648352 0.7585259086914062 0.8704135252747253 0.7542289775390625 0.8829426549450551 0.7608585341796875 0.9009993413919413 0.76527823828125 0.9074481509157508 0.7735038032226562 0.9004465853479853 0.7791511958007813 0.8742828146520147 0.7755908818359375 0.8680182534798535
0 0.7712939506835937 0.8523568476190476 0.7701890249023438 0.8635962087912088 0.7779235073242188 0.8717032937728938 0.7785373515625 0.8868119443223443 0.7874995336914062 0.9006308344322345 0.7970755600585937 0.8925237494505495 0.797934939453125 0.8685710095238095 0.7831602436523437 0.8452499501831502 0.7712939506835937 0.8523568476190476
2 0.72846338671875 0.8523568476190476 0.7161864267578125 0.856410386080586 0.708329181640625 0.8766780945054945 0.7085747172851562 0.8912339890109889 0.7307960122070313 0.8947347721611721 0.74155696484375 0.8623740644688644 0.7375483310546875 0.8571473904761905 0.72846338671875 0.8523568476190476
0 0.8083756411132812 0.9588183765567766 0.81272994921875 0.9639673091575091 0.8127749916992187 0.9842127120879122 0.8335873286132812 1 0.8569377553710937 0.9997032666666666 0.8493234858398437 0.9580565465201466 0.8444165170898438 0.9453593728937728 0.8352793940429688 0.9453593728937728 0.8237733916015625 0.9534855655677655 0.814297845703125 0.9405344527472528 0.8109137309570312 0.9461212036630037 0.8083756411132812 0.9588183765567766
2 0.8045718369140625 0.9014357223443223 0.8047410483398437 0.9098158542124543 0.8148934077148438 0.9349562498168498 0.8263994096679688 0.9507007326007326 0.835367322265625 0.9491770725274725 0.8421355668945313 0.9380035706959707 0.8363825581054688 0.9072764124542125 0.8188190810546875 0.9011578029304029 0.8045718369140625 0.9014357223443223
0 0.7807221665039062 1 0.7859675576171875 0.9956487128205128 0.7759843935546875 0.9821897208791209 0.7585561870117188 0.9865067509157509 0.75889459375 0.9852370417582417 0.748742234375 0.9730477589743589 0.743835265625 0.9791424 0.7465425512695313 1 0.7807221665039062 1
0 0.790366908203125 0.97990423003663 0.7846138989257813 0.9984421054945055 0.820654775390625 1 0.8061333896484375 0.9814778380952381 0.790366908203125 0.97990423003663
0 0.7741154458007813 0.7618990014652014 0.7690561767578125 0.778824884981685 0.7807557358398437 0.8004963516483516 0.7978307680664063 0.8014454673992674 0.801414419921875 0.7783503274725274 0.791531380859375 0.7569731003663004 0.7838123740234375 0.7569952344322345 0.7741154458007813 0.7618990014652014
0 0.8062293681640625 0.7759428761904762 0.8081601049804688 0.8041346293040293 0.8303998203125 0.8017618417582417 0.835142884765625 0.7815140476190476 0.8396751401367187 0.7723392688644688 0.8348266806640625 0.7690173655677655 0.833034849609375 0.7636390410256411 0.8231271118164063 0.7607916952380952 0.8154328041992187 0.7669609443223443 0.8067898930664062 0.7753447985347985 0.8062293681640625 0.7759428761904762
2 0.7925573798828125 0.8069055494505495 0.7868657026367187 0.799787178021978 0.7782227817382813 0.7944088608058608 0.7725311044921875 0.7902960256410256 0.766086478515625 0.7965725076923077 0.7689474526367187 0.8244641816849817 0.7841252587890625 0.8320571032967032 0.7925573798828125 0.8069055494505495
2 0.8128671684570312 0.7090744161172161 0.81289487109375 0.7109929010989011 0.7956090390625 0.7201676871794872 0.7943442216796875 0.7358280886446886 0.8006683081054687 0.755443134065934 0.8016169208984375 0.7644597362637363 0.8097328276367187 0.7639851787545787 0.8273348735351562 0.7584486630036631 0.8332373505859375 0.7326643684981685 0.8128671684570312 0.7090744161172161
2 0.7383962153320313 0.776046454945055 0.7383962153320313 0.7874358380952381 0.747249935546875 0.7992997780219779 0.7544172299804688 0.7989834043956044 0.75926569921875 0.785221232967033 0.7569199916992188 0.7700148212454212 0.74714453125 0.7757300805860806 0.7383962153320313 0.776046454945055
0 0.7550607827148438 0.7378043106227107 0.743677427734375 0.7199293120879121 0.7270498891601562 0.7119198827838827 0.7211215278320312 0.7080653714285714 0.70994897265625 0.6925631531135531 0.70362488671875 0.6924049663003663 0.7056275170898437 0.7099636021978022 0.7142704282226563 0.7370133860805861 0.721543126953125 0.7775089743589743 0.7428342197265625 0.7781417084249085 0.7612794736328125 0.7624813069597071 0.7550607827148438 0.7378043106227107
0 0.7654543071289063 0.6782485304029304 0.756366748046875 0.6804884014652015 0.7428753579101562 0.6694153926739927 0.7387647021484375 0.6747937098901099 0.7423483540039062 0.6879231399267399 0.747407623046875 0.7056399553113553 0.7640610458984375 0.7288932857142857 0.7782902392578125 0.7189275684981685 0.7855629384765624 0.6871322080586081 0.7654543071289063 0.6782485304029304
0 0.6922508974609375 0.7495965238095238 0.7046882700195313 0.7654151157509158 0.7143851987304688 0.76794607985348 0.7196552670898437 0.7655732923076923 0.7149122026367187 0.7499128908424908 0.7033434584960937 0.7242502366300366 0.6963615537109376 0.7339361223443224 0.6922508974609375 0.7495965238095238
0 0.6900678569335937 0.6929501062271062 0.685034986328125 0.6907642212454213 0.6783946962890625 0.6988317003663004 0.6699625849609375 0.7050009494505494 0.6724922192382813 0.7263560424908425 0.678183896484375 0.7356890043956045 0.6868268173828125 0.7401182131868131 0.697156154296875 0.7247741787545787 0.6973669541015625 0.7133847963369964 0.6900678569335937 0.6929501062271062
0 0.7336250532226563 0.6785309648351648 0.7340466528320313 0.6595486600732601 0.7264177177734376 0.6500309882783882 0.7200282685546875 0.6430973340659341 0.7125447602539062 0.6430973340659341 0.704955857421875 0.6489502087912088 0.6977885629882813 0.6487920256410257 0.6969453549804687 0.6660342835164835 0.7056936704101563 0.6766327347985348 0.705588265625 0.6946659238095237 0.7238227202148437 0.69577323003663 0.7336250532226563 0.6785309648351648
0 0.6763438139648438 0.6471456388278388 0.681192283203125 0.6571113487179487 0.6909946162109375 0.6590095794871795 0.6962646845703125 0.6512584666666666 0.694367458984375 0.637496295970696 0.6870650424804687 0.6289271128205128 0.6784518491210938 0.6348071406593406 0.6763438139648438 0.6471456388278388
2 0.6955268813476563 0.6106047018315018 0.6908892119140625 0.6231013838827839 0.6966862939453125 0.637496295970696 0.7090182612304687 0.6406600153846154 0.7142883295898438 0.6332252769230768 0.7129840737304688 0.6109058256410256 0.7039589926757812 0.6031699633699633 0.6955268813476563 0.6106047018315018
0 0.65752208984375 0.5130887443223443 0.64847841015625 0.513921112087912 0.6299863017578125 0.510251317948718 0.6235675551757812 0.5363986256410256 0.6283052060546875 0.5446556703296703 0.6281523740234375 0.5838766322344323 0.6393087719726562 0.5953447421245421 0.6530632294921875 0.591674958974359 0.6736949150390625 0.5451143875457876 0.65752208984375 0.5130887443223443
0 0.5963728852539063 0.5445266798534798 0.5904126206054687 0.5608114102564102 0.5842995380859375 0.5862706307692308 0.5974426811523438 0.6011791765567766 0.6168517534179687 0.6064545142857143 0.6264798735351562 0.5819127391941392 0.6260213916015624 0.5580590615384615 0.6087120737304688 0.5316548322344322 0.5963728852539063 0.5445266798534798
0 0.5506775263671875 0.5853531743589744 0.54991339453125 0.6183813523809524 0.5593886826171875 0.6211337010989011 0.5693224526367188 0.5975093824175824 0.57971471875 0.5929221318681318 0.586744765625 0.5803072058608059 0.5862548833007812 0.57153753992674 0.5636678520507813 0.5805365648351648 0.5506775263671875 0.5853531743589744
0 0.6622913129882813 0.6089452586080586 0.6723779150390625 0.6204133684981685 0.6815475532226563 0.5951835172161173 0.6786043505859375 0.5873530967032967 0.67329487890625 0.576834526007326 0.66106869921875 0.5844034835164835 0.6622913129882813 0.6089452586080586
0 0.6945328935546875 0.5405148857142857 0.6821538818359375 0.5563408879120879 0.6870443510742188 0.5852405435897435 0.7007988081054688 0.6074886989010989 0.7209720122070312 0.5999197304029305 0.731975578125 0.5836350007326008 0.7344208198242187 0.5395974293040293 0.7001449208984375 0.538874978021978 0.6945328935546875 0.5405148857142857
2 0.7594777490234375 0.7455594461538462 0.7708140751953125 0.7570762703296703 0.7865105346679687 0.7536735743589744 0.7869694721679688 0.7201116644688644 0.7765694438476562 0.7212170498168499 0.7645354916992187 0.7298546747252747 0.7594777490234375 0.7455594461538462
0 0.7425573095703125 0.664102463003663 0.7509287543945312 0.6659346945054945 0.7664508198242187 0.6510151611721612 0.7661019990234375 0.6363573706959706 0.7629105913085937 0.6263375882783884 0.752149595703125 0.6216995794871795 0.739069212890625 0.635833873992674 0.7425573095703125 0.664102463003663
0 0.7838913198242188 0.6617467472527473 0.7720634262695313 0.6408549142857143 0.7661019990234375 0.6447332527472527 0.7596490205078125 0.6698608871794871 0.7772639306640625 0.6837334278388278 0.7838913198242188 0.6617467472527473
0 0.7854513530273437 0.6486288673992674 0.7803936103515625 0.6567429948717949 0.7783007490234375 0.6706155472527473 0.7800448056640625 0.683441106959707 0.789811486328125 0.6850115838827838 0.7969068359375 0.660865282051282 0.7908579169921875 0.654125536996337 0.7854513530273437 0.6486288673992674
0 0.7955668544921874 0.672447767032967 0.79190434765625 0.6923404732600733 0.7950436391601563 0.6980988974358974 0.8130073706054688 0.703333813919414 0.820506779296875 0.6742799860805861 0.8097208051757813 0.6530180783882784 0.798357341796875 0.6567429948717949 0.7955668544921874 0.672447767032967
0 0.8029215561523437 0.5800390908424908 0.798531736328125 0.5764092036630036 0.7863233896484375 0.5850468278388279 0.7659179921875 0.5834763509157509 0.768359658203125 0.6114831853479853 0.7685340688476563 0.6347786007326007 0.789985896484375 0.6478659142857143 0.805159140625 0.6476041604395605 0.8163210571289062 0.6067717538461538 0.8029215561523437 0.5800390908424908
0 0.77080132421875 0.6279731956043956 0.7756846728515625 0.6193355714285714 0.768359658203125 0.5999663611721612 0.7648715615234375 0.583738093040293 0.755279275390625 0.583738093040293 0.7428965180664062 0.5803353963369964 0.7372826528320312 0.5957334967032968 0.7387107954101563 0.6271879575091576 0.77080132421875 0.6279731956043956
0 0.8528388247070312 0.7029108754578755 0.863303130859375 0.6887765809523809 0.8643495615234374 0.6722865706959706 0.85249001953125 0.6393065501831502 0.8429325209960937 0.6369313128205129 0.8366191499023438 0.6325011509157509 0.83086378125 0.6322394029304029 0.8278988999023438 0.6233400358974359 0.8203994750976562 0.612084947985348 0.81795780859375 0.6246487648351648 0.8174345932617187 0.6573670373626374 0.824585197265625 0.67673626007326 0.841851302734375 0.7034343714285715 0.8528388247070312 0.7029108754578755
0 0.88309487890625 0.7154674366300366 0.8912919135742188 0.7023801347985348 0.8937335795898438 0.6748967846153846 0.87640574609375 0.6596882014652015 0.8719329467773438 0.6576215355311356 0.8710609267578125 0.6625947091575092 0.8684448500976563 0.6550040659340659 0.8625150712890625 0.6518631113553114 0.8619918559570312 0.6646886827838828 0.8630382866210937 0.6775142424908426 0.8600734047851563 0.6960982263736264 0.86600316796875 0.7102325208791209 0.88309487890625 0.7154674366300366
0 0.8341786606445313 0.7274911846153846 0.8486542788085938 0.7308938813186814 0.8559792934570313 0.7130951355311356 0.8453405766601563 0.7039340271062271 0.8291209018554687 0.6897997326007326 0.8191798110351562 0.6905849714285714 0.8193542211914062 0.7018400534798535 0.828549494140625 0.7256047069597069 0.8341786606445313 0.7274911846153846
2 0.6758563803710937 0.6664812893772893 0.67915849609375 0.6765268139194139 0.6886186059570313 0.6780001597069597 0.6897490219726562 0.6634370879120879 0.6841562856445312 0.6554981838827839 0.6785337690429688 0.6580430483516483 0.6758563803710937 0.6664812893772893