0 0.16713697900390626 0.7451059457875457 0.159602115234375 0.7451059457875457 0.12158530224609375 0.760521931135531 0.10754305615234375 0.7471614102564103 0.0839109833984375 0.758466465934066 0.06678629296875 0.7892984366300366 0.07021123095703125 0.8246937384615386 0.08665093359375 0.8401711875457876 0.10857053759765625 0.822185871062271 0.12918070458984374 0.8098530835164834 0.13665502978515626 0.7805627113553113 0.167821966796875 0.7574387340659341 0.16713697900390626 0.7451059457875457
0 0.089048390625 0.8740863545787546 0.0818560205078125 0.8648367633699633 0.060621404296875 0.8519901091575093 0.02191960400390625 0.9229036402930403 0.028426986328125 0.9691515956043956 0.05377152783203125 0.9799427853479854 0.0825410078125 0.9650406666666667 0.08151352685546875 0.9316393655677656 0.09247332861328125 0.9069737890109889 0.11987283349609375 0.890016205860806 0.1181603642578125 0.876655684981685 0.09487078515625 0.890016205860806 0.089048390625 0.8740863545787546
0 0.127407697265625 0.8283522652014652 0.1171328828125 0.8201304065934065 0.1161054013671875 0.8206442725274724 0.10343313037109375 0.818588808058608 0.09315831591796875 0.8334909267399268 0.08733592138671875 0.8314354622710622 0.08014355126953125 0.8473653135531136 0.07740360107421874 0.8596981018315017 0.08733592138671875 0.8751140864468864 0.09966569873046875 0.873058621978022 0.120900314453125 0.8571287706959706 0.125352734375 0.8365741238095238 0.127407697265625 0.8283522652014652
0 0.09213083447265626 0.906459923076923 0.08151352685546875 0.9331809641025641 0.08219851416015625 0.9604158710622711 0.090760859375 0.9691515956043956 0.10446061181640626 0.9604158710622711 0.11233796923828125 0.9388334915750917 0.11439293212890625 0.9157095142857143 0.1099405126953125 0.8992657970695971 0.109255525390625 0.8987519304029304 0.09213083447265626 0.906459923076923
0 0.17193189208984375 0.8406850534798536 0.17809678076171875 0.8042005553113554 0.16747947265625 0.7923816336996338 0.1462448564453125 0.7959786967032968 0.12466774658203125 0.8180749421245421 0.1181603642578125 0.8643228974358974 0.1400799677734375 0.8638090307692307 0.17193189208984375 0.8406850534798536
0 0.15103977001953126 0.906459923076923 0.1404224619140625 0.9167372461538461 0.13151762255859376 0.9074876556776557 0.11987283349609375 0.9069737890109889 0.11131048779296875 0.9285561684981686 0.11473542626953125 0.9403750901098902 0.106858068359375 0.9532217443223443 0.1072005625 0.9701793282051282 0.1260377216796875 0.9799427853479854 0.14898480712890624 0.9511662798534798 0.14761483203125 0.9300977670329671 0.15514969580078125 0.9090292542124542 0.15103977001953126 0.906459923076923
0 0.1352850546875 0.8817943472527473 0.13460006689453125 0.9126263172161172 0.16576700390625 0.9085153875457875 0.17501433642578124 0.8930994029304029 0.177754287109375 0.8751140864468864 0.19419398974609375 0.8504485106227107 0.1897415703125 0.8473653135531136 0.1664519912109375 0.8581565032967032 0.165424509765625 0.8576426373626374 0.1352850546875 0.8817943472527473
0 0.258582826171875 1 0.28940726904296876 0.9994696996336996 0.2955721572265625 0.9717209267399268 0.30036707080078123 0.9439721538461538 0.294887169921875 0.9162233802197802 0.27125509716796875 0.9321532315018315 0.2777624794921875 0.9393473582417582 0.2671451713867187 0.9542494769230769 0.26577519580078124 0.9563049413919413 0.258582826171875 1
0 0.3513986484375 0.9470553501831502 0.35379610498046876 0.9126263172161172 0.332903982421875 0.9049183245421245 0.31235435400390626 0.9105708527472528 0.304819490234375 0.9213620417582418 0.3017370458984375 0.967609997069597 0.3318765009765625 0.9819982498168499 0.3513986484375 0.9470553501831502
0 0.2938596884765625 0.838629589010989 0.28495484912109376 0.8710031575091575 0.2787899609375 0.8879607406593407 0.2818724052734375 0.9167372461538461 0.29522966357421876 0.9203343098901099 0.309362884765625 0.9002935289377291 0.31098437890625 0.8710031575091575 0.314751810546875 0.8519901091575093 0.3120118603515625 0.838629589010989 0.298997095703125 0.8319493282051281 0.2938596884765625 0.838629589010989
0 0.36545189697265623 0.8045635098901098 0.3560048413085937 0.8295545882783882 0.34730360546875 0.8455936380952381 0.350038279296875 0.8690927113553114 0.359982548828125 0.8784177406593408 0.37912526708984373 0.8776717384615385 0.3890695366210937 0.8478316446886447 0.3758933798828125 0.8198565575091575 0.36545189697265623 0.8045635098901098
0 0.34705499853515626 0.7877784578754579 0.335370482421875 0.7892704622710622 0.3313927744140625 0.8101585274725274 0.33586769580078124 0.815753545054945 0.34755221240234374 0.8288085853479853 0.359236728515625 0.8194835567765568 0.3639602563476563 0.7944924783882783 0.3560048413085937 0.782556441025641 0.34705499853515626 0.7877784578754579
0 0.29658783203125 0.7851674498168498 0.288135203125 0.809785526007326 0.30056553955078125 0.8317925948717949 0.3110070224609375 0.8422366278388278 0.3244317861328125 0.8314195941391942 0.33412744873046873 0.8053095120879121 0.3383537631835937 0.7836754446886446 0.33164138134765625 0.7818104388278388 0.323437359375 0.7870324556776556 0.3065321015625 0.7821834402930403 0.29658783203125 0.7851674498168498
0 0.34854663916015627 0.850069652014652 0.3405912236328125 0.8284355846153847 0.3326358081054688 0.8243325714285714 0.3236859658203125 0.8288085853479853 0.31473612353515623 0.8493236498168499 0.310758416015625 0.8634976937728938 0.31050980908203124 0.8884887721611722 0.31050980908203124 0.9101228395604395 0.32840949365234373 0.9030358175824176 0.3455633583984375 0.8851317611721612 0.34854663916015627 0.850069652014652
0 0.34183425732421874 0.911614843956044 0.359236728515625 0.912360846153846 0.3676162607421875 0.8838881311355312 0.36222000927734377 0.874687728937729 0.350784099609375 0.8724497216117217 0.3455633583984375 0.8814017494505494 0.3373593359375 0.9007978102564103 0.34183425732421874 0.911614843956044
0 0.32194571875 1 0.3497896728515625 1 0.35550762744140624 0.9880800827838828 0.3701754248046875 0.9657000124542124 0.37042403173828126 0.9265348908424907 0.36346304296875 0.9145988534798535 0.35376738037109373 0.9362329208791208 0.3443203247070312 0.9645810095238095 0.333133021484375 0.9698030256410257 0.32194571875 1
0 0.320454078125 0.9992701172161171 0.3266692465820312 0.9798740571428571 0.3159791572265625 0.9724140336996338 0.30379742724609377 0.9701760263736263 0.30578628125 0.9563749838827839 0.29733365234375 0.9563749838827839 0.29733365234375 0.9694300241758242 0.29261012451171875 0.9985241150183151 0.320454078125 0.9992701172161171
0 0.22896680078125 0.7213842505494505 0.2212599921875 0.748986336996337 0.2257349130859375 0.7717394073260073 0.2359277890625 0.7844214468864469 0.2605398559570313 0.7765884227106227 0.2652633837890625 0.745629326007326 0.25159001318359375 0.7329472864468864 0.250098373046875 0.7195192446886447 0.24288877783203125 0.7202652468864469 0.22896680078125 0.7213842505494505
0 0.26203149609375 0.7441373216117216 0.27147855224609374 0.7549543553113552 0.2898754501953125 0.7180272402930402 0.2983280791015625 0.7165352351648352 0.29708504541015623 0.7053452007326008 0.3082723486328125 0.6781161157509158 0.28863241650390625 0.6669260805860806 0.2702355185546875 0.6691640879120879 0.2565621479492188 0.6978851772893773 0.25034697998046873 0.7198922461538462 0.25308165380859377 0.7355582945054945 0.26203149609375 0.7441373216117216
0 0.31200144921875 0.7090752124542125 0.30280300048828124 0.718400241025641 0.29111848388671874 0.7377963018315018 0.29633922509765626 0.781437438095238 0.32219432568359374 0.7874054564102564 0.33810515625 0.7721124087912088 0.3443203247070312 0.7527163479853479 0.33909958349609376 0.7363042974358974 0.33909958349609376 0.7213842505494505 0.34357450439453124 0.6952741692307692 0.33089556103515627 0.6885723509157509 0.31200144921875 0.7090752124542125
0 0.402991513671875 0.8534266622710623 0.4223828388671875 0.8373876124542124 0.42735497314453125 0.7911354681318682 0.419150951171875 0.7631603809523809 0.407217828125 0.7568193611721612 0.401499873046875 0.7728584109890111 0.39006396337890625 0.8053095120879121 0.3903125703125 0.8433556307692308 0.402991513671875 0.8534266622710623
0 0.3905611767578125 0.8004604974358974 0.40199708642578125 0.7653983875457875 0.395284705078125 0.7404073098901099 0.3950360981445312 0.7404073098901099 0.394538884765625 0.7232492564102564 0.38807510986328125 0.7262332659340659 0.38235715478515625 0.7377963018315018 0.3694296044921875 0.751597345054945 0.360728369140625 0.7687553985347985 0.3617227958984375 0.785913452014652 0.37241288525390626 0.8101585274725274 0.3905611767578125 0.8004604974358974
0 0.3424562919921875 0.7512987736263735 0.34667910205078123 0.7527294300366301 0.3472239809570313 0.7527294300366301 0.358802654296875 0.7404666644688644 0.3589388740234375 0.7108316476190476 0.35335386669921875 0.7059265413919414 0.3479050791015625 0.6963207084249085 0.34259251171875 0.7010214351648352 0.3416389736328125 0.7114447853479853 0.33687128466796873 0.7183936864468865 0.3382334814453125 0.729838934065934 0.338914580078125 0.740671043956044 0.3424562919921875 0.7512987736263735
0 0.36670339599609375 0.69570756996337 0.36411522216796877 0.7032696087912088 0.36043729052734375 0.7087878527472528 0.35771289697265624 0.7118535443223443 0.3579853359375 0.7251382073260073 0.358257775390625 0.7341309018315018 0.35989241162109376 0.7414885611721612 0.3600286313476562 0.7470068058608059 0.3748765771484375 0.7464958571428572 0.3864552504882813 0.7292257956043956 0.3897245229492188 0.7094009912087912 0.3890434248046875 0.6937659655677656 0.39258513671875 0.6756783860805862 0.3884985458984375 0.6740433501831502 0.3852292734375 0.6826272864468864 0.37555767578125 0.6903937047619048 0.36629473681640623 0.6903937047619048 0.36670339599609375 0.69570756996337
0 0.47418286328125 0.8670310776556777 0.4771362509765625 0.8842633816849818 0.464338236328125 0.8921410065934067 0.4594159228515625 0.9074039047619048 0.46401008203125 0.9226668021978022 0.45186837548828124 0.9433455677655678 0.45219652978515623 0.9694402 0.4759877114257812 0.9802719340659339 0.49584104248046873 0.9620549267399268 0.502404126953125 0.9305444271062271 0.4873090322265625 0.9280826695970696 0.4899342661132812 0.8808169208791208 0.49190319140625 0.8517681794871795 0.4774644052734375 0.8478293670329671 0.47418286328125 0.8670310776556777
0 0.5808246801757813 1 0.5923052807617187 0.9702304893772894 0.567001099609375 0.939647136996337 0.5590349682617187 0.9431624644688645 0.549194453125 0.8960570710622711 0.5442741958007813 0.8960570710622711 0.545445685546875 0.9087122512820514 0.5520060288085937 0.9473808578754578 0.54661717578125 0.9596845054945056 0.5480229633789062 0.9839402673992674 0.5489601552734374 0.9997592432234431 0.5808246801757813 1
0 0.5018662622070312 1 0.5274047416992188 0.9994077106227106 0.54661717578125 1 0.549194453125 0.9807764725274725 0.5435713017578125 0.9607391040293041 0.5334964887695313 0.9600360380952381 0.5281076357421876 0.967418227106227 0.5173299287109375 0.9631998329670329 0.5085120083007812 0.9635390666666667 0.5023348583984375 0.9776126776556777 0.5018662622070312 1
0 0.52998201953125 0.8844564893772895 0.526233251953125 0.8612553252747253 0.5199072065429687 0.8602007267399268 0.522484484375 0.8879718168498169 0.5177985249023438 0.8942994073260073 0.506317923828125 0.9185551692307692 0.5056150297851563 0.9526538498168499 0.5152212470703125 0.9631998329670329 0.528810529296875 0.9670666937728938 0.5419312163085938 0.9519507838827839 0.5501316450195313 0.9255858249084249 0.54497708984375 0.8960570710622711 0.5482572612304687 0.8763712351648352 0.5407597260742187 0.8760197025641027 0.52998201953125 0.8844564893772895
0 0.5196729086914063 0.8616068578754579 0.5217815903320312 0.8225867186813186 0.5180328227539063 0.8190713912087912 0.5124096713867188 0.8496547435897435 0.5060836259765625 0.8471940139194138 0.49413442919921874 0.8556308007326007 0.4894484697265625 0.8703951780219781 0.4922600454101563 0.8942994073260073 0.49928898486328127 0.9101183824175825 0.5093637973632813 0.9122275794871795 0.5196729086914063 0.8788319648351648 0.5196729086914063 0.8616068578754579
0 0.48710548974609374 0.8742620388278388 0.48335672216796877 0.8995723992673992 0.48101374267578123 0.9234766285714285 0.48827697998046876 0.9298042183150182 0.5037406459960938 0.9283980871794871 0.5044435400390626 0.9157429069597071 0.5028034541015625 0.911172980952381 0.4985860908203125 0.9066030549450549 0.49928898486328127 0.9006269978021978 0.49671170703125 0.8960570710622711 0.4943687270507813 0.8876202842490842 0.49249434326171876 0.8763712351648352 0.4931972373046875 0.8644191201465202 0.4894484697265625 0.8598491941391941 0.48710548974609374 0.8742620388278388
0 0.43087397607421873 0.815556063003663 0.43017108203125 0.8250474483516484 0.437200021484375 0.874965104029304 0.46086411669921873 0.8890264153846154 0.4742191015625 0.8616068578754579 0.47679637890625 0.8334842351648352 0.4678930561523437 0.8180167926739927 0.46601867236328126 0.7920033663003663 0.4594583291015625 0.7877849728937728 0.44821202587890624 0.8050100798534798 0.43649712744140623 0.799034021978022 0.43087397607421873 0.815556063003663
0 0.500460474609375 0.815556063003663 0.49343153515625 0.7927064322344323 0.4856997021484375 0.799034021978022 0.48171663671875 0.7920033663003663 0.47937365673828125 0.7811058505494505 0.47328190966796874 0.7786451208791209 0.46601867236328126 0.7923548996336998 0.4643785864257812 0.8141499318681318 0.47023603564453126 0.8275081780219781 0.48124804052734377 0.8482486124542125 0.500460474609375 0.815556063003663
0 0.5163927368164063 0.7670445384615385 0.5107695854492188 0.735055054945055 0.49600881298828126 0.7171268835164836 0.4824195302734375 0.7213452769230769 0.4798422529296875 0.737164252014652 0.47679637890625 0.7564985553113552 0.47749927294921873 0.7765359238095239 0.4819509345703125 0.7927064322344323 0.4948373232421875 0.8011432190476191 0.5161584389648437 0.8014947516483517 0.522484484375 0.7789966534798535 0.5163927368164063 0.7670445384615385
0 0.47375050537109376 0.7747782600732601 0.47843646484375 0.7431403091575092 0.47398480322265624 0.7280243992673993 0.46039552099609377 0.7206422109890109 0.44938351611328126 0.7308366615384615 0.45477236962890627 0.7452495062271063 0.4653157783203125 0.7909487684981684 0.47047033349609374 0.7951671619047619 0.47375050537109376 0.7747782600732601
0 0.43274835986328125 0.7695052681318681 0.43649712744140623 0.7937610307692308 0.4442289604492187 0.8007916864468865 0.4561781572265625 0.7920033663003663 0.46086411669921873 0.7635292109890109 0.45875543505859373 0.7452495062271063 0.44750913232421874 0.7343519897435897 0.44235457666015626 0.7438433750915752 0.4421202788085937 0.7434918424908424 0.43274835986328125 0.7695052681318681
0 0.55833207421875 0.7821604483516484 0.5726242509765626 0.7378673172161172 0.5667668012695313 0.7037686373626374 0.5477886655273437 0.7058778336996336 0.5414626201171875 0.6991987113553114 0.5377138525390625 0.700956375091575 0.5330278930664063 0.709393161904762 0.5238902719726563 0.7206422109890109 0.513815458984375 0.7311881948717949 0.5131125649414062 0.7579046864468866 0.5227187822265625 0.7754813260073259 0.5381824487304687 0.7891911040293039 0.55833207421875 0.7821604483516484
0 0.5404705146484375 0.6440574981684981 0.532096498046875 0.6173100886446887 0.51498694921875 0.6179946373626374 0.49811749462890625 0.6246737604395604 0.4878083837890625 0.6362743421245421 0.4824195302734375 0.6566632439560439 0.4842939140625 0.6714276212454212 0.48523110595703123 0.6865435311355311 0.48312242431640623 0.7100962278388279 0.50256915625 0.7209937435897437 0.5199072065429687 0.7266182681318681 0.5351365747070312 0.7090416293040293 0.5426341098632812 0.6812348366300366 0.5404705146484375 0.6440574981684981
0 0.4845282124023437 0.6770521457875458 0.485465404296875 0.6626393010989011 0.48312242431640623 0.6355712769230769 0.4629727983398437 0.6352197443223444 0.4526636875 0.6549055802197802 0.44235457666015626 0.6654515633699634 0.4486806220703125 0.6802159406593407 0.44516615234375 0.7055263010989011 0.45172649560546874 0.7188845472527473 0.4620356064453125 0.7223998747252747 0.47726497509765625 0.7164238175824176 0.4840596162109375 0.6960349157509158 0.4845282124023437 0.6770521457875458
0 0.41681609765625 0.7202906783882784 0.41634750146484373 0.7195876124542124 0.4379029150390625 0.7322427926739926 0.447274833984375 0.7051747684981685 0.44844632421875 0.6761733135531136 0.44024589501953126 0.6598270388278388 0.4315768701171875 0.6696699567765567 0.41822188525390624 0.6668576945054945 0.4079127744140625 0.6693184241758242 0.41049005224609375 0.6932226534798535 0.41213013818359373 0.7143146212454212 0.41681609765625 0.7202906783882784
0 0.3933862998046875 0.6703730227106227 0.3891689365234375 0.6925195882783882 0.3910433203125 0.7083385633699634 0.39736936572265624 0.7245090717948718 0.4133016279296875 0.7174784161172161 0.41259873388671875 0.7016594402930403 0.41025575439453127 0.6925195882783882 0.41283303173828123 0.6738883501831502 0.4074441787109375 0.6668576945054945 0.39385489599609375 0.6700214901098901 0.3933862998046875 0.6703730227106227
0 0.453835177734375 0.6450626622710622 0.4486806220703125 0.6162369736263736 0.43251406201171877 0.6074486542124542 0.41822188525390624 0.611315515018315 0.4062726884765625 0.6215099655677655 0.41025575439453127 0.6387350717948718 0.409787158203125 0.6651000307692307 0.4175189912109375 0.663342367032967 0.43134257177734375 0.6714276212454212 0.437200021484375 0.658069375091575 0.45008641015625 0.6591239736263735 0.453835177734375 0.6450626622710622
0 0.38987183056640623 0.6401412029304029 0.39572927978515626 0.6208068996336996 0.39221481005859377 0.6116670476190477 0.37909412353515626 0.6201038344322344 0.36105317919921875 0.6070971208791209 0.35191555859375 0.6088547853479853 0.34910398291015626 0.621158432967033 0.34418372509765627 0.6306498175824176 0.33809197802734375 0.6225645641025641 0.33528040234375 0.6390866043956044 0.3263770791015625 0.6573663098901099 0.33317172021484376 0.671076087912088 0.34371512939453125 0.6918165223443223 0.35894449755859376 0.7107992930402931 0.367379224609375 0.6956833831501831 0.36808211865234375 0.6858404652014652 0.3774540375976562 0.6770521457875458 0.39221481005859377 0.6636938996336996 0.38987183056640623 0.6401412029304029
0 0.3375412236328125 0.5721347084249084 0.33036014453125 0.5888174161172162 0.3294229526367187 0.615182375091575 0.3334060185546875 0.6260798915750916 0.33879487158203125 0.6236191619047619 0.34535521533203123 0.6298673655677656 0.3526184521484375 0.6095578505494506 0.358241603515625 0.6070971208791209 0.36784782080078127 0.6074486542124542 0.36972220458984373 0.5912781457875458 0.3671449267578125 0.5715923098901099 0.3566015180664063 0.5642101216117216 0.3375412236328125 0.5721347084249084
0 0.40782491259765624 0.5906629633699634 0.396432173828125 0.549797276923077 0.39572927978515626 0.5505003428571428 0.39010612841796877 0.5585855970695971 0.38026561328125 0.5621009245421245 0.3732366743164062 0.5747561047619048 0.3730023759765625 0.598660334065934 0.38026561328125 0.6141277772893773 0.3912776181640625 0.611315515018315 0.400649537109375 0.606071895970696 0.40782491259765624 0.5906629633699634
0 0.47679637890625 0.5814352278388278 0.4678930561523437 0.5944419406593406 0.45477236962890627 0.5884658835164835 0.44961781396484374 0.6067455882783883 0.45711534912109375 0.6281890886446887 0.463909990234375 0.6380320065934065 0.48265382861328127 0.6285406212454212 0.48687119189453126 0.5969026703296704 0.47679637890625 0.5814352278388278
0 0.4824195302734375 0.5898720146520147 0.4861682978515625 0.5845990227106227 0.48687119189453126 0.5698346461538462 0.45500666748046875 0.5452273509157509 0.452195091796875 0.5529610725274725 0.45898973291015627 0.5652647194139194 0.45313228369140623 0.577568367032967 0.452195091796875 0.5842474901098902 0.45734964697265623 0.5867082197802198 0.46625297021484374 0.594090408058608 0.47023603564453126 0.5919812117216117 0.47726497509765625 0.5856536212454212 0.4824195302734375 0.5898720146520147
0 0.44188598095703124 0.5954965391941391 0.45172649560546874 0.5961996051282051 0.452195091796875 0.5853020886446887 0.4594583291015625 0.5663193179487179 0.4524293896484375 0.551906473992674 0.45688105126953127 0.5385482278388278 0.437200021484375 0.5209715890109891 0.4320454658203125 0.5308145069597069 0.42173635498046874 0.535384432967033 0.4137702236328125 0.5371420967032967 0.413067330078125 0.5613978593406593 0.40369541064453124 0.5680769816849817 0.4076784765625 0.584950556043956 0.42009626904296876 0.6007695311355312 0.43837151123046875 0.6060425230769231 0.44188598095703124 0.5954965391941391
0 0.3971350673828125 0.5276507113553113 0.4020553251953125 0.5417120227106227 0.411427244140625 0.544524284981685 0.4233764409179688 0.5385482278388278 0.4266566123046875 0.5304629736263736 0.41822188525390624 0.5160501296703296 0.4212677587890625 0.4995280886446887 0.41189583984375 0.48863057216117217 0.4058040927734375 0.4967158263736264 0.3971350673828125 0.5276507113553113
0 0.42384503662109374 0.5258930476190476 0.43063967822265625 0.5315175721611721 0.4400115971679687 0.5241353838827839 0.446334896484375 0.5126625069597069 0.43884010693359377 0.4939035641025641 0.4240793344726563 0.49495816263736264 0.41822188525390624 0.5118317362637362 0.42384503662109374 0.5258930476190476
0 0.624404103515625 1 0.6738409760742188 1 0.67149799609375 0.9899163252747253 0.6478339008789062 0.9719881531135531 0.6461938149414063 0.9537084483516484 0.6351818100585938 0.9301557516483516 0.6274499770507812 0.9301557516483516 0.6267470830078125 0.9480839238095238 0.62815287109375 0.986400997069597 0.624404103515625 1
0 0.6888360463867188 0.9301557516483516 0.6729037841796875 0.923828161172161 0.6621260771484375 0.9041423252747253 0.6569715219726563 0.9041423252747253 0.6569715219726563 0.9192582351648352 0.6700922084960937 0.9461504930402931 0.665640546875 0.9790188087912088 0.6750124658203125 1 0.7150774194335937 0.9997592432234431 0.7183575913085938 0.9776126776556777 0.7103914599609376 0.9519507838827839 0.7019567329101563 0.9431624644688645 0.7014881372070313 0.9322649479853481 0.6888360463867188 0.9301557516483516
0 0.7638113984375 0.9023846615384615 0.7553766713867187 0.8770743010989012 0.726792318359375 0.8612553252747253 0.7115629501953125 0.8605522600732601 0.6946934956054688 0.8500062761904763 0.6834471928710938 0.8422725553113553 0.6724351879882813 0.8826988256410256 0.6848529809570313 0.9139852432234432 0.6977393696289063 0.9199613003663003 0.6998480512695312 0.9350772102564103 0.7014881372070313 0.9459747267399268 0.710157162109375 0.9515992512820514 0.7204662729492187 0.9814795384615385 0.7558452670898438 0.981831071062271 0.769200251953125 0.9417563333333334 0.7638113984375 0.9023846615384615
0 0.8169970385742188 0.8988693333333334 0.8139511650390625 0.926991956043956 0.8244945737304687 0.9561691772893772 0.85120454296875 0.9653090300366299 0.875337234375 0.9530053824175824 0.882366173828125 0.9283980871794871 0.8814289819335938 0.8971116695970696 0.8741657446289063 0.8791834974358974 0.8350379829101563 0.855279268131868 0.83456938671875 0.8556308007326007 0.8348036845703125 0.8433271531135531 0.8251974677734375 0.8359449648351649 0.8176999326171875 0.8433271531135531 0.8116081850585938 0.8296173743589743 0.8048135439453125 0.8285627765567766 0.7977846049804688 0.8401633582417581 0.8052821401367187 0.8609037926739928 0.8169970385742188 0.8988693333333334
0 0.8975955419921875 0.9122275794871795 0.8912694965820313 0.9182036366300367 0.903218693359375 0.9389440710622711 0.9053273754882812 0.9639028989010989 0.912356314453125 0.9828856695970696 0.9313344506835938 0.9994077106227106 0.9554671420898437 1 0.9575758237304688 0.9842918007326007 0.9491410966796875 0.9709335545787545 0.9449237329101563 0.9639028989010989 0.9341460263671875 0.9635513663003663 0.9287571728515625 0.9653090300366299 0.9259455971679688 0.9716366205128205 0.919853849609375 0.9709335545787545 0.9172765717773438 0.9593329728937728 0.9125906123046875 0.9428109318681319 0.9100133349609375 0.9273434893772894 0.8975955419921875 0.9122275794871795
0 0.9631989750976563 0.9326164813186812 0.9770225556640625 0.9445685956043957 0.9913147319335938 0.9414048007326007 0.999749458984375 0.9589814395604396 1 0.9498415875457875 1 0.9417563333333334 1 0.9051969238095238 0.9964692875976563 0.8957055384615384 0.9821771108398437 0.9178521040293041 0.9826523637695312 0.8995723992673992 0.9711651064453125 0.8869172190476191 0.9582787177734375 0.9108214483516484 0.9503125864257812 0.9115245135531136 0.948906798828125 0.9220704974358974 0.9631989750976563 0.9326164813186812
0 0.9517183745117187 0.9322649479853481 0.9498439907226562 0.9343741450549451 0.9500782885742187 0.9438655304029304 0.95265556640625 0.9484354564102564 0.9641361669921875 0.9660120959706959 0.9779597475585937 0.9913224564102564 0.9920176259765625 0.9825341362637363 1 0.9899163252747253 1 0.9603875706959707 0.9908461362304688 0.9410532681318681 0.98264570703125 0.9326164813186812 0.975616767578125 0.9347256776556777 0.975616767578125 0.9456231941391942 0.9566386318359374 0.9280465545787546 0.9498439907226562 0.9220704974358974 0.9496096923828125 0.9259373582417584 0.9517183745117187 0.9322649479853481
0 0.9102476328125 0.9171490380952382 0.9083732490234375 0.927695021978022 0.9172765717773438 0.9677697597069598 0.9250084052734375 0.9740973494505495 0.928522875 0.9667151611721613 0.9437522431640625 0.9670666937728938 0.9528898642578125 0.9544115135531135 0.948906798828125 0.9417563333333334 0.9503125864257812 0.9315618827838827 0.9496096923828125 0.9196097677655678 0.95265556640625 0.9076576534798534 0.9407063696289063 0.899220865934066 0.9400034755859376 0.9164459728937728 0.9318030463867187 0.9164459728937728 0.9189166577148438 0.9160944402930402 0.9102476328125 0.9171490380952382
0 0.9332088344726562 0.8735589728937728 0.9374261977539062 0.8570369318681318 0.918213763671875 0.8422725553113553 0.9165736782226562 0.8246959157509158 0.8980641381835938 0.8391087597069596 0.8924409868164063 0.8528185384615384 0.8847091533203125 0.868989046886447 0.8701826791992188 0.853170071062271 0.8572962905273438 0.8436786864468865 0.8505016489257813 0.8366480307692308 0.8465185834960938 0.839460293040293 0.8446441997070312 0.8475455465201465 0.8486272651367187 0.848600145054945 0.8833033657226562 0.8798865633699634 0.8835376635742187 0.8935963413919414 0.9001728198242187 0.9185551692307692 0.9114191225585937 0.9255858249084249 0.9130592084960938 0.9171490380952382 0.930631556640625 0.9220704974358974 0.9393005815429688 0.9167975054945056 0.9422931650390625 0.8967601369963369 0.9442208393554687 0.8862141531135531 0.9332088344726562 0.8735589728937728
0 0.8692454873046875 0.7786451208791209 0.858702078125 0.797627890842491 0.8521417348632813 0.8000886205128206 0.8439413056640624 0.7913003010989011 0.839958240234375 0.8018462842490842 0.8397239423828124 0.8018462842490842 0.8387867504882812 0.8014947516483517 0.83456938671875 0.8092284732600733 0.8488615634765625 0.8313750388278388 0.8676054013671874 0.8471940139194138 0.8809603857421875 0.8605522600732601 0.8868178354492188 0.8637160549450549 0.9020472036132813 0.8398118256410256 0.9062645673828125 0.8264535794871796 0.8936124765625 0.8032524153846153 0.8755715322265625 0.7891911040293039 0.8692454873046875 0.7786451208791209
0 0.9573415258789062 0.8679344483516483 0.9699936162109375 0.8380541619047619 0.969759318359375 0.8148529978021978 0.9446894350585937 0.8036039487179487 0.930631556640625 0.8099315384615384 0.90439018359375 0.794464095970696 0.8854120473632813 0.7733721289377289 0.8779145122070312 0.7733721289377289 0.8772116181640625 0.7835665794871796 0.897361244140625 0.8060646783882783 0.9254770009765625 0.825398980952381 0.93274023828125 0.8471940139194138 0.9573415258789062 0.8679344483516483
0 0.9594502075195313 0.8127438007326007 0.9765539594726562 0.8141499318681318 0.98428579296875 0.8021978175824176 0.988034560546875 0.7740751948717949 0.9744452778320313 0.74700716996337 0.9467981166992188 0.7382188505494506 0.9376604956054687 0.7480617684981685 0.9383633896484375 0.749116367032967 0.9236026171875 0.7557954893772895 0.8833033657226562 0.7466556373626373 0.87861740625 0.7494678996336996 0.8821318759765625 0.7579046864468866 0.9254770009765625 0.7719659978021978 0.93274023828125 0.7877849728937728 0.9444551372070312 0.799034021978022 0.9594502075195313 0.8127438007326007
0 0.8765087241210937 0.7519286293040294 0.8722913608398437 0.753686293040293 0.8722913608398437 0.7593108175824176 0.8809603857421875 0.7761843912087912 0.8954868603515626 0.7849727106227107 0.9095447387695312 0.8004401531135531 0.93274023828125 0.8102830717948719 0.9409406674804688 0.7969248256410256 0.9374261977539062 0.7775905223443224 0.9170422739257813 0.7712629318681318 0.8931438803710937 0.7600138827838828 0.8924409868164063 0.7712629318681318 0.8765087241210937 0.7519286293040294
0 0.8797888959960938 0.9315618827838827 0.8779145122070312 0.943513997069597 0.8704169770507812 0.9494900549450549 0.8690111889648438 0.9635513663003663 0.8727599565429688 0.9821826036630036 0.8999385219726562 0.9930801201465203 0.9114191225585937 0.9793703413919413 0.9128249106445312 0.9709335545787545 0.9072017592773437 0.9653090300366299 0.8975955419921875 0.9582783743589742 0.8985327338867187 0.9449201282051282 0.8985327338867187 0.9315618827838827 0.8851777495117188 0.9203128336996337 0.8797888959960938 0.9315618827838827
0 0.8751029365234375 0.9016815956043956 0.8804917900390625 0.9073061201465202 0.8837719614257813 0.9241796937728939 0.891503794921875 0.9291011531135531 0.9111848247070312 0.9449201282051282 0.9079046528320313 0.9273434893772894 0.900641416015625 0.9150398417582417 0.8961897543945313 0.9069545875457875 0.88775502734375 0.8967601369963369 0.8833033657226562 0.8788319648351648 0.8734628505859375 0.8703951780219781 0.8631537397460938 0.8696921120879121 0.8579991845703125 0.8598491941391941 0.8460499877929688 0.8454363501831502 0.839958240234375 0.8526427721611721 0.8535475229492188 0.8679344483516483 0.8601078662109375 0.8781288989010989 0.8643252294921875 0.8802380959706959 0.879086001953125 0.885511087912088 0.8751029365234375 0.8953540058608059 0.8751029365234375 0.9016815956043956
0 0.7364190551757812 0.7224552366300366 0.721871267578125 0.7206676798534798 0.7125907822265625 0.7315811853479854 0.7070726557617187 0.7443763296703297 0.7090792470703124 0.757924128937729 0.7078251274414062 0.7733535677655677 0.71334325390625 0.7906646454212455 0.721620443359375 0.7929226117216117 0.7364190551757812 0.7846434007326007 0.7414355336914062 0.7530318681318682 0.7364190551757812 0.7224552366300366
2 0.708075951171875 0.6856691970695971 0.6967888745117188 0.6883034915750916 0.68625426953125 0.692819424908425 0.6822410864257813 0.7059908967032967 0.6852509736328125 0.7225493186813187 0.691270748046875 0.7274415802197802 0.7068218315429687 0.7402367238095239 0.721620443359375 0.7191623692307693 0.7211187954101562 0.6954537194139194 0.708075951171875 0.6856691970695971
2 0.67597048828125 0.7233019743589744 0.6857526215820312 0.7357207904761904 0.6867559174804687 0.7718482564102563 0.693026515625 0.7869013677655677 0.7003004096679688 0.7899119897435897 0.7073234794921875 0.7831380901098901 0.7090792470703124 0.7658270124542124 0.7060693598632812 0.7432473465201466 0.7018053530273437 0.7364734461538461 0.6897658046875 0.7281942351648352 0.6822410864257813 0.718786041025641 0.67597048828125 0.7233019743589744
0 0.6860034453125 0.7774931736263736 0.6822410864257813 0.7620637347985348 0.6855017978515625 0.7458816402930403 0.6794820234375 0.7285705633699634 0.6691982421875 0.7304522021978023 0.6594161088867188 0.7376024293040293 0.6561553979492187 0.732333841025641 0.6503864477539063 0.7342154798534798 0.6493831518554688 0.743623673992674 0.6431125537109375 0.7447526571428571 0.6398518427734375 0.7515265575091574 0.6466240888671875 0.7609347516483517 0.649132328125 0.7872776952380953 0.6554029262695312 0.7906646454212455 0.6779770795898438 0.7963095619047619 0.6860034453125 0.7774931736263736
0 0.6240499350585937 0.7078725355311355 0.6323271245117188 0.7157754190476191 0.6416076103515626 0.7120121413919414 0.6503864477539063 0.7108831582417582 0.6644325874023438 0.6939484080586081 0.6607015815429688 0.670239758974359 0.64888150390625 0.6427678315018316 0.6210400478515625 0.6593262534798534 0.6240499350585937 0.7078725355311355
2 0.6172776889648437 0.634112293040293 0.6273106459960938 0.5818027326007326 0.610003794921875 0.5648679831501832 0.5901887045898437 0.5780394549450549 0.5773966840820313 0.5934688937728938 0.5753900927734374 0.6427678315018316 0.6172776889648437 0.634112293040293
0 0.65590457421875 0.7342154798534798 0.6619243481445313 0.7221729912087912 0.65590457421875 0.7059908967032967 0.6483798559570313 0.7056145692307693 0.647376560546875 0.713517452014652 0.6368419555664062 0.7120121413919414 0.6333304204101563 0.7169044021978023 0.6355878359375 0.7451289853479853 0.65590457421875 0.7342154798534798
0 0.6601685810546875 0.6898088029304029 0.65590457421875 0.7033566029304029 0.6639309399414063 0.7202913523809523 0.6807361430664063 0.7029802747252747 0.6842476782226562 0.6800242805860807 0.6689474184570312 0.6852928695970696 0.6601685810546875 0.6898088029304029
0 0.6913261762695313 0.6576917728937729 0.6896266225585937 0.6453343076923077 0.6773375415039062 0.6370959970695971 0.6756379877929688 0.6433728051282052 0.669493447265625 0.6490611619047619 0.6643947861328126 0.6563187208791209 0.662695232421875 0.6653416322344322 0.6651791953125 0.6808375018315018 0.6689705078125 0.6822105538461538 0.6783834208984375 0.6818182527472527 0.685835310546875 0.6743645435897436 0.6913261762695313 0.6576917728937729
0 0.6544589331054688 0.6555341201465201 0.661780087890625 0.6596532754578754 0.666617279296875 0.6525918666666667 0.675245783203125 0.6474919604395604 0.6764223974609375 0.6372921472527472 0.67380769921875 0.6265038835164836 0.6645255209960937 0.6245423816849817 0.6587731850585937 0.6227770293040293 0.6551126079101562 0.627288484981685 0.6514520307617188 0.6237577802197802 0.650144681640625 0.6249346820512821 0.6500139467773437 0.6290538373626374 0.6536745239257813 0.6347421941391941 0.6505368862304688 0.638272898901099 0.6505368862304688 0.6474919604395604 0.6544589331054688 0.6555341201465201
0 0.7148584594726562 0.6682838864468864 0.7149891943359376 0.6390574996336996 0.7100212680664062 0.635919095970696 0.7059684858398437 0.6398421003663003 0.7016542338867188 0.6367036967032967 0.696424837890625 0.644353556043956 0.6896266225585937 0.6465112087912088 0.6896266225585937 0.6584763736263736 0.6921105859375 0.6686761868131867 0.69694777734375 0.6761298959706961 0.7057723833007813 0.6727953421245421 0.7148584594726562 0.6682838864468864
0 0.6390322143554688 0.638076747985348 0.64491528515625 0.6429805047619048 0.6497524765625 0.6400382505494505 0.6518442353515626 0.6323883912087912 0.6535437890625 0.6223847289377289 0.652105705078125 0.6084580615384615 0.6489680673828125 0.5994351501831502 0.6336720834960937 0.599239 0.628050482421875 0.6066927091575092 0.6276582778320312 0.6135579677655677 0.6287041572265625 0.6251308322344322 0.6319725297851563 0.6263077333333333 0.6326262041015625 0.630819189010989 0.6276582778320312 0.6333691421245422 0.6293578315429688 0.6408228520146521 0.6356331069335938 0.6372921472527472 0.6390322143554688 0.638076747985348
0 0.6812595888671875 0.6433728051282052 0.687796333984375 0.6451381575091575 0.6918491162109375 0.644353556043956 0.6996932104492187 0.6465112087912088 0.7029615830078125 0.6361152461538462 0.7079295092773438 0.6323883912087912 0.7121130263671875 0.620030926007326 0.7121130263671875 0.6055158073260073 0.7058377509765625 0.5966890468864469 0.6965555727539062 0.5966890468864469 0.6884500087890625 0.5935506424908426 0.6893651528320313 0.5988466989010989 0.6847894311523437 0.5984543985347985 0.680998119140625 0.6013966527472527 0.680998119140625 0.6059081084249084 0.6816517934570312 0.6129695172161173 0.6783834208984375 0.6198347758241758 0.6769453369140624 0.6265038835164836 0.6768146020507813 0.6333691421245422 0.6812595888671875 0.6433728051282052
0 0.6543281982421875 0.6251308322344322 0.6621722924804687 0.6261115831501831 0.67093153125 0.6233654798534798 0.6762916625976563 0.6182655736263736 0.68152105859375 0.6096349626373626 0.680998119140625 0.6012005018315019 0.6881885385742188 0.5990428498168499 0.6894958876953124 0.590608389010989 0.6905417670898437 0.5764855714285714 0.689757357421875 0.5660896080586081 0.685835310546875 0.557655147985348 0.678644890625 0.5505937391941392 0.6685783032226562 0.5529475421245421 0.6640025815429688 0.5439246307692308 0.6594268598632812 0.5421592783882784 0.6595575947265625 0.5472591846153846 0.65262864453125 0.5449053816849817 0.6464841040039062 0.5500052879120879 0.6408625034179688 0.5537321428571429 0.6345872280273438 0.5572628468864469 0.6390322143554688 0.5682472608058609 0.633802818359375 0.5831546798534798 0.6360253115234376 0.5953159948717949 0.6382478051757813 0.6021720586080587 0.64386940625 0.6017889531135531 0.646353369140625 0.5939429428571429 0.6510598256835938 0.6017889531135531 0.6531515844726562 0.6019851032967033 0.6518442353515626 0.6133618175824176 0.6543281982421875 0.6251308322344322
0 0.7162965434570312 0.6004159010989011 0.7266246005859375 0.5898237882783882 0.73551457421875 0.5888430366300367 0.7377370678710937 0.5821739282051283 0.7343379599609375 0.5772701721611722 0.7373448627929687 0.56726650989011 0.7376063330078125 0.5464745838827839 0.7323769365234375 0.5454938322344322 0.7339457553710937 0.5405900761904762 0.7310695874023437 0.5335286673992674 0.7202185903320313 0.5317633150183151 0.7164272783203125 0.5376478227106227 0.7064260581054688 0.528232610989011 0.6985165961914063 0.5380401230769231 0.6917183813476563 0.5299979633699634 0.6799522397460938 0.5331363670329671 0.6792985654296875 0.5407862263736264 0.68152105859375 0.5445130813186814 0.6888422133789063 0.5476514849816849 0.697470716796875 0.5541244432234432 0.7025693784179687 0.5588320490842491 0.7025693784179687 0.5670703597069597 0.7049226064453125 0.580997027106227 0.7093675932617187 0.5937467926739927 0.7162965434570312 0.6004159010989011
0 0.6914569116210938 0.5894314871794872 0.7021771733398438 0.5980620981684982 0.70557628125 0.5872738344322345 0.7045304018554688 0.5717779655677656 0.70466113671875 0.5607935516483517 0.697862921875 0.5529475421245421 0.6942023442382812 0.5498091377289377 0.6817825283203125 0.5394131750915752 0.6775990112304687 0.5511821897435898 0.6854431059570313 0.5602051010989011 0.6893651528320313 0.5733471670329671 0.6914569116210938 0.5894314871794872
0 0.6239977006835937 0.49704472161172164 0.61981418359375 0.5101867882783883 0.61301596875 0.5317633150183151 0.6219059418945313 0.5560859457875458 0.6404702983398437 0.5605974014652014 0.6468763090820312 0.5494168373626374 0.6581195107421876 0.5370593721611722 0.6662250747070313 0.5203866007326008 0.6643947861328126 0.5044984315018315 0.6566814267578125 0.493906317948718 0.6488373325195312 0.49037561318681316 0.6324954692382813 0.4974370227106227 0.6239977006835937 0.49704472161172164
0 0.5880632138671875 0.4625941992673993 0.5836539643554688 0.4523034380952381 0.5738556328125 0.4491182029304029 0.56405730078125 0.4677395794871795 0.5596480512695312 0.4809705575091575 0.562914162109375 0.49322146373626374 0.5753253823242187 0.4949365904761905 0.585613630859375 0.5013070608058608 0.5914926298828125 0.4924864087912088 0.60341393359375 0.48513586593406594 0.6032506279296875 0.4770502681318682 0.5952486572265625 0.4684746336996337 0.5880632138671875 0.4625941992673993
0 0.6177848203125 0.4736200139194139 0.6208876254882812 0.4518134021978022 0.6207243198242187 0.44054256923076923 0.611742515625 0.4331920256410256 0.6025974057617187 0.42682155457875454 0.59279907421875 0.4128555223443223 0.5865934638671875 0.41800090256410255 0.5741822436523437 0.4177558842490842 0.5715693549804688 0.4241263553113553 0.5743455493164062 0.4336820615384615 0.57467216015625 0.4339270798534799 0.5808777705078125 0.4378473699633699 0.5802245483398437 0.44201267765567764 0.58218421484375 0.4532835106227106 0.5869200751953125 0.46014401831501833 0.5945954350585938 0.4645543443223443 0.6003111284179687 0.473129978021978 0.60945623828125 0.4841557934065934 0.6177848203125 0.4736200139194139
0 0.624673560546875 0.4713162952380952 0.6251373984375 0.49184612967032965 0.633486478515625 0.4948038183150183 0.6515761528320313 0.4942818732600732 0.6589378139648437 0.48881113699633705 0.6592644248046875 0.4706797970695971 0.669715978515625 0.4569587824175824 0.6664498681640625 0.45377354725274727 0.66857283984375 0.4486281663003663 0.6612240913085937 0.44127762344322347 0.6641635908203125 0.43343704322344323 0.6494660927734375 0.42143115604395603 0.6438068696289062 0.42503717582417583 0.64369091015625 0.44208737728937725 0.636849302734375 0.4344321846153846 0.6294278979492187 0.43860774432234434 0.6202671010742188 0.44139145054945056 0.6201511420898438 0.4507864600732601 0.6230501279296875 0.4554839648351648 0.6202671010742188 0.46453101025641025 0.624673560546875 0.4713162952380952